Valves: 1104
1 v0l1p3 18962.5 10173.1 18962.5 10223.1 0 1 3 90 1 Flow
2 v0l1p3 19862.5 10173.1 19862.5 10223.1 0 1 3 90 1 Flow
3 v0l1p3 20362.5 10173.1 20362.5 10223.1 0 1 3 90 1 Flow
4 v0l1p3 21262.5 10173.1 21262.5 10223.1 0 1 3 90 1 Flow
5 v0l1p3 21762.5 10173.1 21762.5 10223.1 0 1 3 90 1 Flow
6 v0l1p3 22662.5 10173.1 22662.5 10223.1 0 1 3 90 1 Flow
7 v0l1p3 23162.5 10173.1 23162.5 10223.1 0 1 3 90 1 Flow
8 v0l1p3 24062.5 10173.1 24062.5 10223.1 0 1 3 90 1 Flow
9 v0l1p3 24562.5 10173.1 24562.5 10223.1 0 1 3 90 1 Flow
10 v0l1p3 25462.5 10173.1 25462.5 10223.1 0 1 3 90 1 Flow
11 v0l1p3 25962.5 10173.1 25962.5 10223.1 0 1 3 90 1 Flow
12 v0l1p3 26862.5 10173.1 26862.5 10223.1 0 1 3 90 1 Flow
13 v0l1p3 27362.5 10173.1 27362.5 10223.1 0 1 3 90 1 Flow
14 v0l1p3 28262.5 10173.1 28262.5 10223.1 0 1 3 90 1 Flow
15 v0l1p3 28762.5 10173.1 28762.5 10223.1 0 1 3 90 1 Flow
16 v0l1p3 29662.5 10173.1 29662.5 10223.1 0 1 3 90 1 Flow
17 v0l1p3 30162.5 10173.1 30162.5 10223.1 0 1 3 90 1 Flow
18 v0l1p3 31062.5 10173.1 31062.5 10223.1 0 1 3 90 1 Flow
19 v0l1p3 31562.5 10173.1 31562.5 10223.1 0 1 3 90 1 Flow
20 v0l1p3 32462.5 10173.1 32462.5 10223.1 0 1 3 90 1 Flow
21 v0l1p3 32962.5 10173.1 32962.5 10223.1 0 1 3 90 1 Flow
22 v0l1p3 33862.5 10173.1 33862.5 10223.1 0 1 3 90 1 Flow
23 v0l1p3 34362.5 10173.1 34362.5 10223.1 0 1 3 90 1 Flow
24 v0l1p3 35262.5 10173.1 35262.5 10223.1 0 1 3 90 1 Flow
25 v0l1p3 35762.5 10173.1 35762.5 10223.1 0 1 3 90 1 Flow
26 v0l1p3 36662.5 10173.1 36662.5 10223.1 0 1 3 90 1 Flow
27 v0l1p3 37162.5 10173.1 37162.5 10223.1 0 1 3 90 1 Flow
28 v0l1p3 38062.5 10173.1 38062.5 10223.1 0 1 3 90 1 Flow
29 v0l1p3 38562.5 10173.1 38562.5 10223.1 0 1 3 90 1 Flow
30 v0l1p3 39462.5 10173.1 39462.5 10223.1 0 1 3 90 1 Flow
31 v0l1p3 39962.5 10173.1 39962.5 10223.1 0 1 3 90 1 Flow
32 v0l1p3 40862.5 10173.1 40862.5 10223.1 0 1 3 90 1 Flow
33 v0l1p2 19112.5 10473.1 19062.5 10473.1 0 1 2 180 2 Flow
34 v0l1p2 19712.5 10473.1 19662.5 10473.1 0 1 2 180 2 Flow
35 v0l1p2 20512.5 10473.1 20462.5 10473.1 0 1 2 180 2 Flow
36 v0l1p2 21112.5 10473.1 21062.5 10473.1 0 1 2 180 2 Flow
37 v0l1p2 21912.5 10473.1 21862.5 10473.1 0 1 2 180 2 Flow
38 v0l1p2 22512.5 10473.1 22462.5 10473.1 0 1 2 180 2 Flow
39 v0l1p2 23312.5 10473.1 23262.5 10473.1 0 1 2 180 2 Flow
40 v0l1p2 23912.5 10473.1 23862.5 10473.1 0 1 2 180 2 Flow
41 v0l1p2 24712.5 10473.1 24662.5 10473.1 0 1 2 180 2 Flow
42 v0l1p2 25312.5 10473.1 25262.5 10473.1 0 1 2 180 2 Flow
43 v0l1p2 26112.5 10473.1 26062.5 10473.1 0 1 2 180 2 Flow
44 v0l1p2 26712.5 10473.1 26662.5 10473.1 0 1 2 180 2 Flow
45 v0l1p2 27512.5 10473.1 27462.5 10473.1 0 1 2 180 2 Flow
46 v0l1p2 28112.5 10473.1 28062.5 10473.1 0 1 2 180 2 Flow
47 v0l1p2 28912.5 10473.1 28862.5 10473.1 0 1 2 180 2 Flow
48 v0l1p2 29512.5 10473.1 29462.5 10473.1 0 1 2 180 2 Flow
49 v0l1p2 30312.5 10473.1 30262.5 10473.1 0 1 2 180 2 Flow
50 v0l1p2 30912.5 10473.1 30862.5 10473.1 0 1 2 180 2 Flow
51 v0l1p2 31712.5 10473.1 31662.5 10473.1 0 1 2 180 2 Flow
52 v0l1p2 32312.5 10473.1 32262.5 10473.1 0 1 2 180 2 Flow
53 v0l1p2 33112.5 10473.1 33062.5 10473.1 0 1 2 180 2 Flow
54 v0l1p2 33712.5 10473.1 33662.5 10473.1 0 1 2 180 2 Flow
55 v0l1p2 34512.5 10473.1 34462.5 10473.1 0 1 2 180 2 Flow
56 v0l1p2 35112.5 10473.1 35062.5 10473.1 0 1 2 180 2 Flow
57 v0l1p2 35912.5 10473.1 35862.5 10473.1 0 1 2 180 2 Flow
58 v0l1p2 36512.5 10473.1 36462.5 10473.1 0 1 2 180 2 Flow
59 v0l1p2 37312.5 10473.1 37262.5 10473.1 0 1 2 180 2 Flow
60 v0l1p2 37912.5 10473.1 37862.5 10473.1 0 1 2 180 2 Flow
61 v0l1p2 38712.5 10473.1 38662.5 10473.1 0 1 2 180 2 Flow
62 v0l1p2 39312.5 10473.1 39262.5 10473.1 0 1 2 180 2 Flow
63 v0l1p2 40112.5 10473.1 40062.5 10473.1 0 1 2 180 2 Flow
64 v0l1p2 40712.5 10473.1 40662.5 10473.1 0 1 2 180 2 Flow
65 v0l1p1 18962.5 10673.1 18962.5 10723.1 0 1 1 90 3 Flow
66 v0l1p1 19862.5 10673.1 19862.5 10723.1 0 1 1 90 3 Flow
67 v0l1p1 20362.5 10673.1 20362.5 10723.1 0 1 1 90 3 Flow
68 v0l1p1 21262.5 10673.1 21262.5 10723.1 0 1 1 90 3 Flow
69 v0l1p1 21762.5 10673.1 21762.5 10723.1 0 1 1 90 3 Flow
70 v0l1p1 22662.5 10673.1 22662.5 10723.1 0 1 1 90 3 Flow
71 v0l1p1 23162.5 10673.1 23162.5 10723.1 0 1 1 90 3 Flow
72 v0l1p1 24062.5 10673.1 24062.5 10723.1 0 1 1 90 3 Flow
73 v0l1p1 24562.5 10673.1 24562.5 10723.1 0 1 1 90 3 Flow
74 v0l1p1 25462.5 10673.1 25462.5 10723.1 0 1 1 90 3 Flow
75 v0l1p1 25962.5 10673.1 25962.5 10723.1 0 1 1 90 3 Flow
76 v0l1p1 26862.5 10673.1 26862.5 10723.1 0 1 1 90 3 Flow
77 v0l1p1 27362.5 10673.1 27362.5 10723.1 0 1 1 90 3 Flow
78 v0l1p1 28262.5 10673.1 28262.5 10723.1 0 1 1 90 3 Flow
79 v0l1p1 28762.5 10673.1 28762.5 10723.1 0 1 1 90 3 Flow
80 v0l1p1 29662.5 10673.1 29662.5 10723.1 0 1 1 90 3 Flow
81 v0l1p1 30162.5 10673.1 30162.5 10723.1 0 1 1 90 3 Flow
82 v0l1p1 31062.5 10673.1 31062.5 10723.1 0 1 1 90 3 Flow
83 v0l1p1 31562.5 10673.1 31562.5 10723.1 0 1 1 90 3 Flow
84 v0l1p1 32462.5 10673.1 32462.5 10723.1 0 1 1 90 3 Flow
85 v0l1p1 32962.5 10673.1 32962.5 10723.1 0 1 1 90 3 Flow
86 v0l1p1 33862.5 10673.1 33862.5 10723.1 0 1 1 90 3 Flow
87 v0l1p1 34362.5 10673.1 34362.5 10723.1 0 1 1 90 3 Flow
88 v0l1p1 35262.5 10673.1 35262.5 10723.1 0 1 1 90 3 Flow
89 v0l1p1 35762.5 10673.1 35762.5 10723.1 0 1 1 90 3 Flow
90 v0l1p1 36662.5 10673.1 36662.5 10723.1 0 1 1 90 3 Flow
91 v0l1p1 37162.5 10673.1 37162.5 10723.1 0 1 1 90 3 Flow
92 v0l1p1 38062.5 10673.1 38062.5 10723.1 0 1 1 90 3 Flow
93 v0l1p1 38562.5 10673.1 38562.5 10723.1 0 1 1 90 3 Flow
94 v0l1p1 39462.5 10673.1 39462.5 10723.1 0 1 1 90 3 Flow
95 v0l1p1 39962.5 10673.1 39962.5 10723.1 0 1 1 90 3 Flow
96 v0l1p1 40862.5 10673.1 40862.5 10723.1 0 1 1 90 3 Flow
97 v0l1p1 19412.5 11123.1 19362.5 11123.1 0 1 1 180 4 Flow
98 v0l1p1 20812.5 11123.1 20762.5 11123.1 0 1 1 180 4 Flow
99 v0l1p1 22212.5 11123.1 22162.5 11123.1 0 1 1 180 4 Flow
100 v0l1p1 23612.5 11123.1 23562.5 11123.1 0 1 1 180 4 Flow
101 v0l1p1 25012.5 11123.1 24962.5 11123.1 0 1 1 180 4 Flow
102 v0l1p1 26412.5 11123.1 26362.5 11123.1 0 1 1 180 4 Flow
103 v0l1p1 27812.5 11123.1 27762.5 11123.1 0 1 1 180 4 Flow
104 v0l1p1 29212.5 11123.1 29162.5 11123.1 0 1 1 180 4 Flow
105 v0l1p1 30612.5 11123.1 30562.5 11123.1 0 1 1 180 4 Flow
106 v0l1p1 32012.5 11123.1 31962.5 11123.1 0 1 1 180 4 Flow
107 v0l1p1 33412.5 11123.1 33362.5 11123.1 0 1 1 180 4 Flow
108 v0l1p1 34812.5 11123.1 34762.5 11123.1 0 1 1 180 4 Flow
109 v0l1p1 36212.5 11123.1 36162.5 11123.1 0 1 1 180 4 Flow
110 v0l1p1 37612.5 11123.1 37562.5 11123.1 0 1 1 180 4 Flow
111 v0l1p1 39012.5 11123.1 38962.5 11123.1 0 1 1 180 4 Flow
112 v0l1p1 40412.5 11123.1 40362.5 11123.1 0 1 1 180 4 Flow
113 v0l1p2 19412.5 11273.1 19362.5 11273.1 0 1 2 180 5 Flow
114 v0l1p2 20812.5 11273.1 20762.5 11273.1 0 1 2 180 5 Flow
115 v0l1p2 22212.5 11273.1 22162.5 11273.1 0 1 2 180 5 Flow
116 v0l1p2 23612.5 11273.1 23562.5 11273.1 0 1 2 180 5 Flow
117 v0l1p2 25012.5 11273.1 24962.5 11273.1 0 1 2 180 5 Flow
118 v0l1p2 26412.5 11273.1 26362.5 11273.1 0 1 2 180 5 Flow
119 v0l1p2 27812.5 11273.1 27762.5 11273.1 0 1 2 180 5 Flow
120 v0l1p2 29212.5 11273.1 29162.5 11273.1 0 1 2 180 5 Flow
121 v0l1p2 30612.5 11273.1 30562.5 11273.1 0 1 2 180 5 Flow
122 v0l1p2 32012.5 11273.1 31962.5 11273.1 0 1 2 180 5 Flow
123 v0l1p2 33412.5 11273.1 33362.5 11273.1 0 1 2 180 5 Flow
124 v0l1p2 34812.5 11273.1 34762.5 11273.1 0 1 2 180 5 Flow
125 v0l1p2 36212.5 11273.1 36162.5 11273.1 0 1 2 180 5 Flow
126 v0l1p2 37612.5 11273.1 37562.5 11273.1 0 1 2 180 5 Flow
127 v0l1p2 39012.5 11273.1 38962.5 11273.1 0 1 2 180 5 Flow
128 v0l1p2 40412.5 11273.1 40362.5 11273.1 0 1 2 180 5 Flow
129 v0l1p3 19412.5 11423.1 19362.5 11423.1 0 1 3 180 6 Flow
130 v0l1p3 20812.5 11423.1 20762.5 11423.1 0 1 3 180 6 Flow
131 v0l1p3 22212.5 11423.1 22162.5 11423.1 0 1 3 180 6 Flow
132 v0l1p3 23612.5 11423.1 23562.5 11423.1 0 1 3 180 6 Flow
133 v0l1p3 25012.5 11423.1 24962.5 11423.1 0 1 3 180 6 Flow
134 v0l1p3 26412.5 11423.1 26362.5 11423.1 0 1 3 180 6 Flow
135 v0l1p3 27812.5 11423.1 27762.5 11423.1 0 1 3 180 6 Flow
136 v0l1p3 29212.5 11423.1 29162.5 11423.1 0 1 3 180 6 Flow
137 v0l1p3 30612.5 11423.1 30562.5 11423.1 0 1 3 180 6 Flow
138 v0l1p3 32012.5 11423.1 31962.5 11423.1 0 1 3 180 6 Flow
139 v0l1p3 33412.5 11423.1 33362.5 11423.1 0 1 3 180 6 Flow
140 v0l1p3 34812.5 11423.1 34762.5 11423.1 0 1 3 180 6 Flow
141 v0l1p3 36212.5 11423.1 36162.5 11423.1 0 1 3 180 6 Flow
142 v0l1p3 37612.5 11423.1 37562.5 11423.1 0 1 3 180 6 Flow
143 v0l1p3 39012.5 11423.1 38962.5 11423.1 0 1 3 180 6 Flow
144 v0l1p3 40412.5 11423.1 40362.5 11423.1 0 1 3 180 6 Flow
145 v0l1p3 18962.5 11873.1 18962.5 11923.1 0 1 3 90 7 Flow
146 v0l1p3 19862.5 11873.1 19862.5 11923.1 0 1 3 90 7 Flow
147 v0l1p3 20362.5 11873.1 20362.5 11923.1 0 1 3 90 7 Flow
148 v0l1p3 21262.5 11873.1 21262.5 11923.1 0 1 3 90 7 Flow
149 v0l1p3 21762.5 11873.1 21762.5 11923.1 0 1 3 90 7 Flow
150 v0l1p3 22662.5 11873.1 22662.5 11923.1 0 1 3 90 7 Flow
151 v0l1p3 23162.5 11873.1 23162.5 11923.1 0 1 3 90 7 Flow
152 v0l1p3 24062.5 11873.1 24062.5 11923.1 0 1 3 90 7 Flow
153 v0l1p3 24562.5 11873.1 24562.5 11923.1 0 1 3 90 7 Flow
154 v0l1p3 25462.5 11873.1 25462.5 11923.1 0 1 3 90 7 Flow
155 v0l1p3 25962.5 11873.1 25962.5 11923.1 0 1 3 90 7 Flow
156 v0l1p3 26862.5 11873.1 26862.5 11923.1 0 1 3 90 7 Flow
157 v0l1p3 27362.5 11873.1 27362.5 11923.1 0 1 3 90 7 Flow
158 v0l1p3 28262.5 11873.1 28262.5 11923.1 0 1 3 90 7 Flow
159 v0l1p3 28762.5 11873.1 28762.5 11923.1 0 1 3 90 7 Flow
160 v0l1p3 29662.5 11873.1 29662.5 11923.1 0 1 3 90 7 Flow
161 v0l1p3 30162.5 11873.1 30162.5 11923.1 0 1 3 90 7 Flow
162 v0l1p3 31062.5 11873.1 31062.5 11923.1 0 1 3 90 7 Flow
163 v0l1p3 31562.5 11873.1 31562.5 11923.1 0 1 3 90 7 Flow
164 v0l1p3 32462.5 11873.1 32462.5 11923.1 0 1 3 90 7 Flow
165 v0l1p3 32962.5 11873.1 32962.5 11923.1 0 1 3 90 7 Flow
166 v0l1p3 33862.5 11873.1 33862.5 11923.1 0 1 3 90 7 Flow
167 v0l1p3 34362.5 11873.1 34362.5 11923.1 0 1 3 90 7 Flow
168 v0l1p3 35262.5 11873.1 35262.5 11923.1 0 1 3 90 7 Flow
169 v0l1p3 35762.5 11873.1 35762.5 11923.1 0 1 3 90 7 Flow
170 v0l1p3 36662.5 11873.1 36662.5 11923.1 0 1 3 90 7 Flow
171 v0l1p3 37162.5 11873.1 37162.5 11923.1 0 1 3 90 7 Flow
172 v0l1p3 38062.5 11873.1 38062.5 11923.1 0 1 3 90 7 Flow
173 v0l1p3 38562.5 11873.1 38562.5 11923.1 0 1 3 90 7 Flow
174 v0l1p3 39462.5 11873.1 39462.5 11923.1 0 1 3 90 7 Flow
175 v0l1p3 39962.5 11873.1 39962.5 11923.1 0 1 3 90 7 Flow
176 v0l1p3 40862.5 11873.1 40862.5 11923.1 0 1 3 90 7 Flow
177 v0l1p2 19112.5 12173.1 19062.5 12173.1 0 1 2 180 8 Flow
178 v0l1p2 19712.5 12173.1 19662.5 12173.1 0 1 2 180 8 Flow
179 v0l1p2 20512.5 12173.1 20462.5 12173.1 0 1 2 180 8 Flow
180 v0l1p2 21112.5 12173.1 21062.5 12173.1 0 1 2 180 8 Flow
181 v0l1p2 21912.5 12173.1 21862.5 12173.1 0 1 2 180 8 Flow
182 v0l1p2 22512.5 12173.1 22462.5 12173.1 0 1 2 180 8 Flow
183 v0l1p2 23312.5 12173.1 23262.5 12173.1 0 1 2 180 8 Flow
184 v0l1p2 23912.5 12173.1 23862.5 12173.1 0 1 2 180 8 Flow
185 v0l1p2 24712.5 12173.1 24662.5 12173.1 0 1 2 180 8 Flow
186 v0l1p2 25312.5 12173.1 25262.5 12173.1 0 1 2 180 8 Flow
187 v0l1p2 26112.5 12173.1 26062.5 12173.1 0 1 2 180 8 Flow
188 v0l1p2 26712.5 12173.1 26662.5 12173.1 0 1 2 180 8 Flow
189 v0l1p2 27512.5 12173.1 27462.5 12173.1 0 1 2 180 8 Flow
190 v0l1p2 28112.5 12173.1 28062.5 12173.1 0 1 2 180 8 Flow
191 v0l1p2 28912.5 12173.1 28862.5 12173.1 0 1 2 180 8 Flow
192 v0l1p2 29512.5 12173.1 29462.5 12173.1 0 1 2 180 8 Flow
193 v0l1p2 30312.5 12173.1 30262.5 12173.1 0 1 2 180 8 Flow
194 v0l1p2 30912.5 12173.1 30862.5 12173.1 0 1 2 180 8 Flow
195 v0l1p2 31712.5 12173.1 31662.5 12173.1 0 1 2 180 8 Flow
196 v0l1p2 32312.5 12173.1 32262.5 12173.1 0 1 2 180 8 Flow
197 v0l1p2 33112.5 12173.1 33062.5 12173.1 0 1 2 180 8 Flow
198 v0l1p2 33712.5 12173.1 33662.5 12173.1 0 1 2 180 8 Flow
199 v0l1p2 34512.5 12173.1 34462.5 12173.1 0 1 2 180 8 Flow
200 v0l1p2 35112.5 12173.1 35062.5 12173.1 0 1 2 180 8 Flow
201 v0l1p2 35912.5 12173.1 35862.5 12173.1 0 1 2 180 8 Flow
202 v0l1p2 36512.5 12173.1 36462.5 12173.1 0 1 2 180 8 Flow
203 v0l1p2 37312.5 12173.1 37262.5 12173.1 0 1 2 180 8 Flow
204 v0l1p2 37912.5 12173.1 37862.5 12173.1 0 1 2 180 8 Flow
205 v0l1p2 38712.5 12173.1 38662.5 12173.1 0 1 2 180 8 Flow
206 v0l1p2 39312.5 12173.1 39262.5 12173.1 0 1 2 180 8 Flow
207 v0l1p2 40112.5 12173.1 40062.5 12173.1 0 1 2 180 8 Flow
208 v0l1p2 40712.5 12173.1 40662.5 12173.1 0 1 2 180 8 Flow
209 v0l1p1 18962.5 12373.1 18962.5 12423.1 0 1 1 90 9 Flow
210 v0l1p1 19862.5 12373.1 19862.5 12423.1 0 1 1 90 9 Flow
211 v0l1p1 20362.5 12373.1 20362.5 12423.1 0 1 1 90 9 Flow
212 v0l1p1 21262.5 12373.1 21262.5 12423.1 0 1 1 90 9 Flow
213 v0l1p1 21762.5 12373.1 21762.5 12423.1 0 1 1 90 9 Flow
214 v0l1p1 22662.5 12373.1 22662.5 12423.1 0 1 1 90 9 Flow
215 v0l1p1 23162.5 12373.1 23162.5 12423.1 0 1 1 90 9 Flow
216 v0l1p1 24062.5 12373.1 24062.5 12423.1 0 1 1 90 9 Flow
217 v0l1p1 24562.5 12373.1 24562.5 12423.1 0 1 1 90 9 Flow
218 v0l1p1 25462.5 12373.1 25462.5 12423.1 0 1 1 90 9 Flow
219 v0l1p1 25962.5 12373.1 25962.5 12423.1 0 1 1 90 9 Flow
220 v0l1p1 26862.5 12373.1 26862.5 12423.1 0 1 1 90 9 Flow
221 v0l1p1 27362.5 12373.1 27362.5 12423.1 0 1 1 90 9 Flow
222 v0l1p1 28262.5 12373.1 28262.5 12423.1 0 1 1 90 9 Flow
223 v0l1p1 28762.5 12373.1 28762.5 12423.1 0 1 1 90 9 Flow
224 v0l1p1 29662.5 12373.1 29662.5 12423.1 0 1 1 90 9 Flow
225 v0l1p1 30162.5 12373.1 30162.5 12423.1 0 1 1 90 9 Flow
226 v0l1p1 31062.5 12373.1 31062.5 12423.1 0 1 1 90 9 Flow
227 v0l1p1 31562.5 12373.1 31562.5 12423.1 0 1 1 90 9 Flow
228 v0l1p1 32462.5 12373.1 32462.5 12423.1 0 1 1 90 9 Flow
229 v0l1p1 32962.5 12373.1 32962.5 12423.1 0 1 1 90 9 Flow
230 v0l1p1 33862.5 12373.1 33862.5 12423.1 0 1 1 90 9 Flow
231 v0l1p1 34362.5 12373.1 34362.5 12423.1 0 1 1 90 9 Flow
232 v0l1p1 35262.5 12373.1 35262.5 12423.1 0 1 1 90 9 Flow
233 v0l1p1 35762.5 12373.1 35762.5 12423.1 0 1 1 90 9 Flow
234 v0l1p1 36662.5 12373.1 36662.5 12423.1 0 1 1 90 9 Flow
235 v0l1p1 37162.5 12373.1 37162.5 12423.1 0 1 1 90 9 Flow
236 v0l1p1 38062.5 12373.1 38062.5 12423.1 0 1 1 90 9 Flow
237 v0l1p1 38562.5 12373.1 38562.5 12423.1 0 1 1 90 9 Flow
238 v0l1p1 39462.5 12373.1 39462.5 12423.1 0 1 1 90 9 Flow
239 v0l1p1 39962.5 12373.1 39962.5 12423.1 0 1 1 90 9 Flow
240 v0l1p1 40862.5 12373.1 40862.5 12423.1 0 1 1 90 9 Flow
241 v0l1p1 19412.5 12823.1 19362.5 12823.1 0 1 1 180 10 Flow
242 v0l1p1 20812.5 12823.1 20762.5 12823.1 0 1 1 180 10 Flow
243 v0l1p1 22212.5 12823.1 22162.5 12823.1 0 1 1 180 10 Flow
244 v0l1p1 23612.5 12823.1 23562.5 12823.1 0 1 1 180 10 Flow
245 v0l1p1 25012.5 12823.1 24962.5 12823.1 0 1 1 180 10 Flow
246 v0l1p1 26412.5 12823.1 26362.5 12823.1 0 1 1 180 10 Flow
247 v0l1p1 27812.5 12823.1 27762.5 12823.1 0 1 1 180 10 Flow
248 v0l1p1 29212.5 12823.1 29162.5 12823.1 0 1 1 180 10 Flow
249 v0l1p1 30612.5 12823.1 30562.5 12823.1 0 1 1 180 10 Flow
250 v0l1p1 32012.5 12823.1 31962.5 12823.1 0 1 1 180 10 Flow
251 v0l1p1 33412.5 12823.1 33362.5 12823.1 0 1 1 180 10 Flow
252 v0l1p1 34812.5 12823.1 34762.5 12823.1 0 1 1 180 10 Flow
253 v0l1p1 36212.5 12823.1 36162.5 12823.1 0 1 1 180 10 Flow
254 v0l1p1 37612.5 12823.1 37562.5 12823.1 0 1 1 180 10 Flow
255 v0l1p1 39012.5 12823.1 38962.5 12823.1 0 1 1 180 10 Flow
256 v0l1p1 40412.5 12823.1 40362.5 12823.1 0 1 1 180 10 Flow
257 v0l1p2 19412.5 12973.1 19362.5 12973.1 0 1 2 180 11 Flow
258 v0l1p2 20812.5 12973.1 20762.5 12973.1 0 1 2 180 11 Flow
259 v0l1p2 22212.5 12973.1 22162.5 12973.1 0 1 2 180 11 Flow
260 v0l1p2 23612.5 12973.1 23562.5 12973.1 0 1 2 180 11 Flow
261 v0l1p2 25012.5 12973.1 24962.5 12973.1 0 1 2 180 11 Flow
262 v0l1p2 26412.5 12973.1 26362.5 12973.1 0 1 2 180 11 Flow
263 v0l1p2 27812.5 12973.1 27762.5 12973.1 0 1 2 180 11 Flow
264 v0l1p2 29212.5 12973.1 29162.5 12973.1 0 1 2 180 11 Flow
265 v0l1p2 30612.5 12973.1 30562.5 12973.1 0 1 2 180 11 Flow
266 v0l1p2 32012.5 12973.1 31962.5 12973.1 0 1 2 180 11 Flow
267 v0l1p2 33412.5 12973.1 33362.5 12973.1 0 1 2 180 11 Flow
268 v0l1p2 34812.5 12973.1 34762.5 12973.1 0 1 2 180 11 Flow
269 v0l1p2 36212.5 12973.1 36162.5 12973.1 0 1 2 180 11 Flow
270 v0l1p2 37612.5 12973.1 37562.5 12973.1 0 1 2 180 11 Flow
271 v0l1p2 39012.5 12973.1 38962.5 12973.1 0 1 2 180 11 Flow
272 v0l1p2 40412.5 12973.1 40362.5 12973.1 0 1 2 180 11 Flow
273 v0l1p3 19412.5 13123.1 19362.5 13123.1 0 1 3 180 12 Flow
274 v0l1p3 20812.5 13123.1 20762.5 13123.1 0 1 3 180 12 Flow
275 v0l1p3 22212.5 13123.1 22162.5 13123.1 0 1 3 180 12 Flow
276 v0l1p3 23612.5 13123.1 23562.5 13123.1 0 1 3 180 12 Flow
277 v0l1p3 25012.5 13123.1 24962.5 13123.1 0 1 3 180 12 Flow
278 v0l1p3 26412.5 13123.1 26362.5 13123.1 0 1 3 180 12 Flow
279 v0l1p3 27812.5 13123.1 27762.5 13123.1 0 1 3 180 12 Flow
280 v0l1p3 29212.5 13123.1 29162.5 13123.1 0 1 3 180 12 Flow
281 v0l1p3 30612.5 13123.1 30562.5 13123.1 0 1 3 180 12 Flow
282 v0l1p3 32012.5 13123.1 31962.5 13123.1 0 1 3 180 12 Flow
283 v0l1p3 33412.5 13123.1 33362.5 13123.1 0 1 3 180 12 Flow
284 v0l1p3 34812.5 13123.1 34762.5 13123.1 0 1 3 180 12 Flow
285 v0l1p3 36212.5 13123.1 36162.5 13123.1 0 1 3 180 12 Flow
286 v0l1p3 37612.5 13123.1 37562.5 13123.1 0 1 3 180 12 Flow
287 v0l1p3 39012.5 13123.1 38962.5 13123.1 0 1 3 180 12 Flow
288 v0l1p3 40412.5 13123.1 40362.5 13123.1 0 1 3 180 12 Flow
289 v0l1p3 18962.5 13573.1 18962.5 13623.1 0 1 3 90 13 Flow
290 v0l1p3 19862.5 13573.1 19862.5 13623.1 0 1 3 90 13 Flow
291 v0l1p3 20362.5 13573.1 20362.5 13623.1 0 1 3 90 13 Flow
292 v0l1p3 21262.5 13573.1 21262.5 13623.1 0 1 3 90 13 Flow
293 v0l1p3 21762.5 13573.1 21762.5 13623.1 0 1 3 90 13 Flow
294 v0l1p3 22662.5 13573.1 22662.5 13623.1 0 1 3 90 13 Flow
295 v0l1p3 23162.5 13573.1 23162.5 13623.1 0 1 3 90 13 Flow
296 v0l1p3 24062.5 13573.1 24062.5 13623.1 0 1 3 90 13 Flow
297 v0l1p3 24562.5 13573.1 24562.5 13623.1 0 1 3 90 13 Flow
298 v0l1p3 25462.5 13573.1 25462.5 13623.1 0 1 3 90 13 Flow
299 v0l1p3 25962.5 13573.1 25962.5 13623.1 0 1 3 90 13 Flow
300 v0l1p3 26862.5 13573.1 26862.5 13623.1 0 1 3 90 13 Flow
301 v0l1p3 27362.5 13573.1 27362.5 13623.1 0 1 3 90 13 Flow
302 v0l1p3 28262.5 13573.1 28262.5 13623.1 0 1 3 90 13 Flow
303 v0l1p3 28762.5 13573.1 28762.5 13623.1 0 1 3 90 13 Flow
304 v0l1p3 29662.5 13573.1 29662.5 13623.1 0 1 3 90 13 Flow
305 v0l1p3 30162.5 13573.1 30162.5 13623.1 0 1 3 90 13 Flow
306 v0l1p3 31062.5 13573.1 31062.5 13623.1 0 1 3 90 13 Flow
307 v0l1p3 31562.5 13573.1 31562.5 13623.1 0 1 3 90 13 Flow
308 v0l1p3 32462.5 13573.1 32462.5 13623.1 0 1 3 90 13 Flow
309 v0l1p3 32962.5 13573.1 32962.5 13623.1 0 1 3 90 13 Flow
310 v0l1p3 33862.5 13573.1 33862.5 13623.1 0 1 3 90 13 Flow
311 v0l1p3 34362.5 13573.1 34362.5 13623.1 0 1 3 90 13 Flow
312 v0l1p3 35262.5 13573.1 35262.5 13623.1 0 1 3 90 13 Flow
313 v0l1p3 35762.5 13573.1 35762.5 13623.1 0 1 3 90 13 Flow
314 v0l1p3 36662.5 13573.1 36662.5 13623.1 0 1 3 90 13 Flow
315 v0l1p3 37162.5 13573.1 37162.5 13623.1 0 1 3 90 13 Flow
316 v0l1p3 38062.5 13573.1 38062.5 13623.1 0 1 3 90 13 Flow
317 v0l1p3 38562.5 13573.1 38562.5 13623.1 0 1 3 90 13 Flow
318 v0l1p3 39462.5 13573.1 39462.5 13623.1 0 1 3 90 13 Flow
319 v0l1p3 39962.5 13573.1 39962.5 13623.1 0 1 3 90 13 Flow
320 v0l1p3 40862.5 13573.1 40862.5 13623.1 0 1 3 90 13 Flow
321 v0l1p2 19112.5 13873.1 19062.5 13873.1 0 1 2 180 14 Flow
322 v0l1p2 19712.5 13873.1 19662.5 13873.1 0 1 2 180 14 Flow
323 v0l1p2 20512.5 13873.1 20462.5 13873.1 0 1 2 180 14 Flow
324 v0l1p2 21112.5 13873.1 21062.5 13873.1 0 1 2 180 14 Flow
325 v0l1p2 21912.5 13873.1 21862.5 13873.1 0 1 2 180 14 Flow
326 v0l1p2 22512.5 13873.1 22462.5 13873.1 0 1 2 180 14 Flow
327 v0l1p2 23312.5 13873.1 23262.5 13873.1 0 1 2 180 14 Flow
328 v0l1p2 23912.5 13873.1 23862.5 13873.1 0 1 2 180 14 Flow
329 v0l1p2 24712.5 13873.1 24662.5 13873.1 0 1 2 180 14 Flow
330 v0l1p2 25312.5 13873.1 25262.5 13873.1 0 1 2 180 14 Flow
331 v0l1p2 26112.5 13873.1 26062.5 13873.1 0 1 2 180 14 Flow
332 v0l1p2 26712.5 13873.1 26662.5 13873.1 0 1 2 180 14 Flow
333 v0l1p2 27512.5 13873.1 27462.5 13873.1 0 1 2 180 14 Flow
334 v0l1p2 28112.5 13873.1 28062.5 13873.1 0 1 2 180 14 Flow
335 v0l1p2 28912.5 13873.1 28862.5 13873.1 0 1 2 180 14 Flow
336 v0l1p2 29512.5 13873.1 29462.5 13873.1 0 1 2 180 14 Flow
337 v0l1p2 30312.5 13873.1 30262.5 13873.1 0 1 2 180 14 Flow
338 v0l1p2 30912.5 13873.1 30862.5 13873.1 0 1 2 180 14 Flow
339 v0l1p2 31712.5 13873.1 31662.5 13873.1 0 1 2 180 14 Flow
340 v0l1p2 32312.5 13873.1 32262.5 13873.1 0 1 2 180 14 Flow
341 v0l1p2 33112.5 13873.1 33062.5 13873.1 0 1 2 180 14 Flow
342 v0l1p2 33712.5 13873.1 33662.5 13873.1 0 1 2 180 14 Flow
343 v0l1p2 34512.5 13873.1 34462.5 13873.1 0 1 2 180 14 Flow
344 v0l1p2 35112.5 13873.1 35062.5 13873.1 0 1 2 180 14 Flow
345 v0l1p2 35912.5 13873.1 35862.5 13873.1 0 1 2 180 14 Flow
346 v0l1p2 36512.5 13873.1 36462.5 13873.1 0 1 2 180 14 Flow
347 v0l1p2 37312.5 13873.1 37262.5 13873.1 0 1 2 180 14 Flow
348 v0l1p2 37912.5 13873.1 37862.5 13873.1 0 1 2 180 14 Flow
349 v0l1p2 38712.5 13873.1 38662.5 13873.1 0 1 2 180 14 Flow
350 v0l1p2 39312.5 13873.1 39262.5 13873.1 0 1 2 180 14 Flow
351 v0l1p2 40112.5 13873.1 40062.5 13873.1 0 1 2 180 14 Flow
352 v0l1p2 40712.5 13873.1 40662.5 13873.1 0 1 2 180 14 Flow
353 v0l1p1 18962.5 14073.1 18962.5 14123.1 0 1 1 90 15 Flow
354 v0l1p1 19862.5 14073.1 19862.5 14123.1 0 1 1 90 15 Flow
355 v0l1p1 20362.5 14073.1 20362.5 14123.1 0 1 1 90 15 Flow
356 v0l1p1 21262.5 14073.1 21262.5 14123.1 0 1 1 90 15 Flow
357 v0l1p1 21762.5 14073.1 21762.5 14123.1 0 1 1 90 15 Flow
358 v0l1p1 22662.5 14073.1 22662.5 14123.1 0 1 1 90 15 Flow
359 v0l1p1 23162.5 14073.1 23162.5 14123.1 0 1 1 90 15 Flow
360 v0l1p1 24062.5 14073.1 24062.5 14123.1 0 1 1 90 15 Flow
361 v0l1p1 24562.5 14073.1 24562.5 14123.1 0 1 1 90 15 Flow
362 v0l1p1 25462.5 14073.1 25462.5 14123.1 0 1 1 90 15 Flow
363 v0l1p1 25962.5 14073.1 25962.5 14123.1 0 1 1 90 15 Flow
364 v0l1p1 26862.5 14073.1 26862.5 14123.1 0 1 1 90 15 Flow
365 v0l1p1 27362.5 14073.1 27362.5 14123.1 0 1 1 90 15 Flow
366 v0l1p1 28262.5 14073.1 28262.5 14123.1 0 1 1 90 15 Flow
367 v0l1p1 28762.5 14073.1 28762.5 14123.1 0 1 1 90 15 Flow
368 v0l1p1 29662.5 14073.1 29662.5 14123.1 0 1 1 90 15 Flow
369 v0l1p1 30162.5 14073.1 30162.5 14123.1 0 1 1 90 15 Flow
370 v0l1p1 31062.5 14073.1 31062.5 14123.1 0 1 1 90 15 Flow
371 v0l1p1 31562.5 14073.1 31562.5 14123.1 0 1 1 90 15 Flow
372 v0l1p1 32462.5 14073.1 32462.5 14123.1 0 1 1 90 15 Flow
373 v0l1p1 32962.5 14073.1 32962.5 14123.1 0 1 1 90 15 Flow
374 v0l1p1 33862.5 14073.1 33862.5 14123.1 0 1 1 90 15 Flow
375 v0l1p1 34362.5 14073.1 34362.5 14123.1 0 1 1 90 15 Flow
376 v0l1p1 35262.5 14073.1 35262.5 14123.1 0 1 1 90 15 Flow
377 v0l1p1 35762.5 14073.1 35762.5 14123.1 0 1 1 90 15 Flow
378 v0l1p1 36662.5 14073.1 36662.5 14123.1 0 1 1 90 15 Flow
379 v0l1p1 37162.5 14073.1 37162.5 14123.1 0 1 1 90 15 Flow
380 v0l1p1 38062.5 14073.1 38062.5 14123.1 0 1 1 90 15 Flow
381 v0l1p1 38562.5 14073.1 38562.5 14123.1 0 1 1 90 15 Flow
382 v0l1p1 39462.5 14073.1 39462.5 14123.1 0 1 1 90 15 Flow
383 v0l1p1 39962.5 14073.1 39962.5 14123.1 0 1 1 90 15 Flow
384 v0l1p1 40862.5 14073.1 40862.5 14123.1 0 1 1 90 15 Flow
385 v0l1p1 19412.5 14523.1 19362.5 14523.1 0 1 1 180 16 Flow
386 v0l1p1 20812.5 14523.1 20762.5 14523.1 0 1 1 180 16 Flow
387 v0l1p1 22212.5 14523.1 22162.5 14523.1 0 1 1 180 16 Flow
388 v0l1p1 23612.5 14523.1 23562.5 14523.1 0 1 1 180 16 Flow
389 v0l1p1 25012.5 14523.1 24962.5 14523.1 0 1 1 180 16 Flow
390 v0l1p1 26412.5 14523.1 26362.5 14523.1 0 1 1 180 16 Flow
391 v0l1p1 27812.5 14523.1 27762.5 14523.1 0 1 1 180 16 Flow
392 v0l1p1 29212.5 14523.1 29162.5 14523.1 0 1 1 180 16 Flow
393 v0l1p1 30612.5 14523.1 30562.5 14523.1 0 1 1 180 16 Flow
394 v0l1p1 32012.5 14523.1 31962.5 14523.1 0 1 1 180 16 Flow
395 v0l1p1 33412.5 14523.1 33362.5 14523.1 0 1 1 180 16 Flow
396 v0l1p1 34812.5 14523.1 34762.5 14523.1 0 1 1 180 16 Flow
397 v0l1p1 36212.5 14523.1 36162.5 14523.1 0 1 1 180 16 Flow
398 v0l1p1 37612.5 14523.1 37562.5 14523.1 0 1 1 180 16 Flow
399 v0l1p1 39012.5 14523.1 38962.5 14523.1 0 1 1 180 16 Flow
400 v0l1p1 40412.5 14523.1 40362.5 14523.1 0 1 1 180 16 Flow
401 v0l1p2 19412.5 14673.1 19362.5 14673.1 0 1 2 180 17 Flow
402 v0l1p2 20812.5 14673.1 20762.5 14673.1 0 1 2 180 17 Flow
403 v0l1p2 22212.5 14673.1 22162.5 14673.1 0 1 2 180 17 Flow
404 v0l1p2 23612.5 14673.1 23562.5 14673.1 0 1 2 180 17 Flow
405 v0l1p2 25012.5 14673.1 24962.5 14673.1 0 1 2 180 17 Flow
406 v0l1p2 26412.5 14673.1 26362.5 14673.1 0 1 2 180 17 Flow
407 v0l1p2 27812.5 14673.1 27762.5 14673.1 0 1 2 180 17 Flow
408 v0l1p2 29212.5 14673.1 29162.5 14673.1 0 1 2 180 17 Flow
409 v0l1p2 30612.5 14673.1 30562.5 14673.1 0 1 2 180 17 Flow
410 v0l1p2 32012.5 14673.1 31962.5 14673.1 0 1 2 180 17 Flow
411 v0l1p2 33412.5 14673.1 33362.5 14673.1 0 1 2 180 17 Flow
412 v0l1p2 34812.5 14673.1 34762.5 14673.1 0 1 2 180 17 Flow
413 v0l1p2 36212.5 14673.1 36162.5 14673.1 0 1 2 180 17 Flow
414 v0l1p2 37612.5 14673.1 37562.5 14673.1 0 1 2 180 17 Flow
415 v0l1p2 39012.5 14673.1 38962.5 14673.1 0 1 2 180 17 Flow
416 v0l1p2 40412.5 14673.1 40362.5 14673.1 0 1 2 180 17 Flow
417 v0l1p3 19412.5 14823.1 19362.5 14823.1 0 1 3 180 18 Flow
418 v0l1p3 20812.5 14823.1 20762.5 14823.1 0 1 3 180 18 Flow
419 v0l1p3 22212.5 14823.1 22162.5 14823.1 0 1 3 180 18 Flow
420 v0l1p3 23612.5 14823.1 23562.5 14823.1 0 1 3 180 18 Flow
421 v0l1p3 25012.5 14823.1 24962.5 14823.1 0 1 3 180 18 Flow
422 v0l1p3 26412.5 14823.1 26362.5 14823.1 0 1 3 180 18 Flow
423 v0l1p3 27812.5 14823.1 27762.5 14823.1 0 1 3 180 18 Flow
424 v0l1p3 29212.5 14823.1 29162.5 14823.1 0 1 3 180 18 Flow
425 v0l1p3 30612.5 14823.1 30562.5 14823.1 0 1 3 180 18 Flow
426 v0l1p3 32012.5 14823.1 31962.5 14823.1 0 1 3 180 18 Flow
427 v0l1p3 33412.5 14823.1 33362.5 14823.1 0 1 3 180 18 Flow
428 v0l1p3 34812.5 14823.1 34762.5 14823.1 0 1 3 180 18 Flow
429 v0l1p3 36212.5 14823.1 36162.5 14823.1 0 1 3 180 18 Flow
430 v0l1p3 37612.5 14823.1 37562.5 14823.1 0 1 3 180 18 Flow
431 v0l1p3 39012.5 14823.1 38962.5 14823.1 0 1 3 180 18 Flow
432 v0l1p3 40412.5 14823.1 40362.5 14823.1 0 1 3 180 18 Flow
433 v0l1p3 18962.5 15273.1 18962.5 15323.1 0 1 3 90 19 Flow
434 v0l1p3 19862.5 15273.1 19862.5 15323.1 0 1 3 90 19 Flow
435 v0l1p3 20362.5 15273.1 20362.5 15323.1 0 1 3 90 19 Flow
436 v0l1p3 21262.5 15273.1 21262.5 15323.1 0 1 3 90 19 Flow
437 v0l1p3 21762.5 15273.1 21762.5 15323.1 0 1 3 90 19 Flow
438 v0l1p3 22662.5 15273.1 22662.5 15323.1 0 1 3 90 19 Flow
439 v0l1p3 23162.5 15273.1 23162.5 15323.1 0 1 3 90 19 Flow
440 v0l1p3 24062.5 15273.1 24062.5 15323.1 0 1 3 90 19 Flow
441 v0l1p3 24562.5 15273.1 24562.5 15323.1 0 1 3 90 19 Flow
442 v0l1p3 25462.5 15273.1 25462.5 15323.1 0 1 3 90 19 Flow
443 v0l1p3 25962.5 15273.1 25962.5 15323.1 0 1 3 90 19 Flow
444 v0l1p3 26862.5 15273.1 26862.5 15323.1 0 1 3 90 19 Flow
445 v0l1p3 27362.5 15273.1 27362.5 15323.1 0 1 3 90 19 Flow
446 v0l1p3 28262.5 15273.1 28262.5 15323.1 0 1 3 90 19 Flow
447 v0l1p3 28762.5 15273.1 28762.5 15323.1 0 1 3 90 19 Flow
448 v0l1p3 29662.5 15273.1 29662.5 15323.1 0 1 3 90 19 Flow
449 v0l1p3 30162.5 15273.1 30162.5 15323.1 0 1 3 90 19 Flow
450 v0l1p3 31062.5 15273.1 31062.5 15323.1 0 1 3 90 19 Flow
451 v0l1p3 31562.5 15273.1 31562.5 15323.1 0 1 3 90 19 Flow
452 v0l1p3 32462.5 15273.1 32462.5 15323.1 0 1 3 90 19 Flow
453 v0l1p3 32962.5 15273.1 32962.5 15323.1 0 1 3 90 19 Flow
454 v0l1p3 33862.5 15273.1 33862.5 15323.1 0 1 3 90 19 Flow
455 v0l1p3 34362.5 15273.1 34362.5 15323.1 0 1 3 90 19 Flow
456 v0l1p3 35262.5 15273.1 35262.5 15323.1 0 1 3 90 19 Flow
457 v0l1p3 35762.5 15273.1 35762.5 15323.1 0 1 3 90 19 Flow
458 v0l1p3 36662.5 15273.1 36662.5 15323.1 0 1 3 90 19 Flow
459 v0l1p3 37162.5 15273.1 37162.5 15323.1 0 1 3 90 19 Flow
460 v0l1p3 38062.5 15273.1 38062.5 15323.1 0 1 3 90 19 Flow
461 v0l1p3 38562.5 15273.1 38562.5 15323.1 0 1 3 90 19 Flow
462 v0l1p3 39462.5 15273.1 39462.5 15323.1 0 1 3 90 19 Flow
463 v0l1p3 39962.5 15273.1 39962.5 15323.1 0 1 3 90 19 Flow
464 v0l1p3 40862.5 15273.1 40862.5 15323.1 0 1 3 90 19 Flow
465 v0l1p2 19112.5 15573.1 19062.5 15573.1 0 1 2 180 20 Flow
466 v0l1p2 19712.5 15573.1 19662.5 15573.1 0 1 2 180 20 Flow
467 v0l1p2 20512.5 15573.1 20462.5 15573.1 0 1 2 180 20 Flow
468 v0l1p2 21112.5 15573.1 21062.5 15573.1 0 1 2 180 20 Flow
469 v0l1p2 21912.5 15573.1 21862.5 15573.1 0 1 2 180 20 Flow
470 v0l1p2 22512.5 15573.1 22462.5 15573.1 0 1 2 180 20 Flow
471 v0l1p2 23312.5 15573.1 23262.5 15573.1 0 1 2 180 20 Flow
472 v0l1p2 23912.5 15573.1 23862.5 15573.1 0 1 2 180 20 Flow
473 v0l1p2 24712.5 15573.1 24662.5 15573.1 0 1 2 180 20 Flow
474 v0l1p2 25312.5 15573.1 25262.5 15573.1 0 1 2 180 20 Flow
475 v0l1p2 26112.5 15573.1 26062.5 15573.1 0 1 2 180 20 Flow
476 v0l1p2 26712.5 15573.1 26662.5 15573.1 0 1 2 180 20 Flow
477 v0l1p2 27512.5 15573.1 27462.5 15573.1 0 1 2 180 20 Flow
478 v0l1p2 28112.5 15573.1 28062.5 15573.1 0 1 2 180 20 Flow
479 v0l1p2 28912.5 15573.1 28862.5 15573.1 0 1 2 180 20 Flow
480 v0l1p2 29512.5 15573.1 29462.5 15573.1 0 1 2 180 20 Flow
481 v0l1p2 30312.5 15573.1 30262.5 15573.1 0 1 2 180 20 Flow
482 v0l1p2 30912.5 15573.1 30862.5 15573.1 0 1 2 180 20 Flow
483 v0l1p2 31712.5 15573.1 31662.5 15573.1 0 1 2 180 20 Flow
484 v0l1p2 32312.5 15573.1 32262.5 15573.1 0 1 2 180 20 Flow
485 v0l1p2 33112.5 15573.1 33062.5 15573.1 0 1 2 180 20 Flow
486 v0l1p2 33712.5 15573.1 33662.5 15573.1 0 1 2 180 20 Flow
487 v0l1p2 34512.5 15573.1 34462.5 15573.1 0 1 2 180 20 Flow
488 v0l1p2 35112.5 15573.1 35062.5 15573.1 0 1 2 180 20 Flow
489 v0l1p2 35912.5 15573.1 35862.5 15573.1 0 1 2 180 20 Flow
490 v0l1p2 36512.5 15573.1 36462.5 15573.1 0 1 2 180 20 Flow
491 v0l1p2 37312.5 15573.1 37262.5 15573.1 0 1 2 180 20 Flow
492 v0l1p2 37912.5 15573.1 37862.5 15573.1 0 1 2 180 20 Flow
493 v0l1p2 38712.5 15573.1 38662.5 15573.1 0 1 2 180 20 Flow
494 v0l1p2 39312.5 15573.1 39262.5 15573.1 0 1 2 180 20 Flow
495 v0l1p2 40112.5 15573.1 40062.5 15573.1 0 1 2 180 20 Flow
496 v0l1p2 40712.5 15573.1 40662.5 15573.1 0 1 2 180 20 Flow
497 v0l1p1 18962.5 15773.1 18962.5 15823.1 0 1 1 90 21 Flow
498 v0l1p1 19862.5 15773.1 19862.5 15823.1 0 1 1 90 21 Flow
499 v0l1p1 20362.5 15773.1 20362.5 15823.1 0 1 1 90 21 Flow
500 v0l1p1 21262.5 15773.1 21262.5 15823.1 0 1 1 90 21 Flow
501 v0l1p1 21762.5 15773.1 21762.5 15823.1 0 1 1 90 21 Flow
502 v0l1p1 22662.5 15773.1 22662.5 15823.1 0 1 1 90 21 Flow
503 v0l1p1 23162.5 15773.1 23162.5 15823.1 0 1 1 90 21 Flow
504 v0l1p1 24062.5 15773.1 24062.5 15823.1 0 1 1 90 21 Flow
505 v0l1p1 24562.5 15773.1 24562.5 15823.1 0 1 1 90 21 Flow
506 v0l1p1 25462.5 15773.1 25462.5 15823.1 0 1 1 90 21 Flow
507 v0l1p1 25962.5 15773.1 25962.5 15823.1 0 1 1 90 21 Flow
508 v0l1p1 26862.5 15773.1 26862.5 15823.1 0 1 1 90 21 Flow
509 v0l1p1 27362.5 15773.1 27362.5 15823.1 0 1 1 90 21 Flow
510 v0l1p1 28262.5 15773.1 28262.5 15823.1 0 1 1 90 21 Flow
511 v0l1p1 28762.5 15773.1 28762.5 15823.1 0 1 1 90 21 Flow
512 v0l1p1 29662.5 15773.1 29662.5 15823.1 0 1 1 90 21 Flow
513 v0l1p1 30162.5 15773.1 30162.5 15823.1 0 1 1 90 21 Flow
514 v0l1p1 31062.5 15773.1 31062.5 15823.1 0 1 1 90 21 Flow
515 v0l1p1 31562.5 15773.1 31562.5 15823.1 0 1 1 90 21 Flow
516 v0l1p1 32462.5 15773.1 32462.5 15823.1 0 1 1 90 21 Flow
517 v0l1p1 32962.5 15773.1 32962.5 15823.1 0 1 1 90 21 Flow
518 v0l1p1 33862.5 15773.1 33862.5 15823.1 0 1 1 90 21 Flow
519 v0l1p1 34362.5 15773.1 34362.5 15823.1 0 1 1 90 21 Flow
520 v0l1p1 35262.5 15773.1 35262.5 15823.1 0 1 1 90 21 Flow
521 v0l1p1 35762.5 15773.1 35762.5 15823.1 0 1 1 90 21 Flow
522 v0l1p1 36662.5 15773.1 36662.5 15823.1 0 1 1 90 21 Flow
523 v0l1p1 37162.5 15773.1 37162.5 15823.1 0 1 1 90 21 Flow
524 v0l1p1 38062.5 15773.1 38062.5 15823.1 0 1 1 90 21 Flow
525 v0l1p1 38562.5 15773.1 38562.5 15823.1 0 1 1 90 21 Flow
526 v0l1p1 39462.5 15773.1 39462.5 15823.1 0 1 1 90 21 Flow
527 v0l1p1 39962.5 15773.1 39962.5 15823.1 0 1 1 90 21 Flow
528 v0l1p1 40862.5 15773.1 40862.5 15823.1 0 1 1 90 21 Flow
529 v0l1p1 19412.5 16223.1 19362.5 16223.1 0 1 1 180 22 Flow
530 v0l1p1 20812.5 16223.1 20762.5 16223.1 0 1 1 180 22 Flow
531 v0l1p1 22212.5 16223.1 22162.5 16223.1 0 1 1 180 22 Flow
532 v0l1p1 23612.5 16223.1 23562.5 16223.1 0 1 1 180 22 Flow
533 v0l1p1 25012.5 16223.1 24962.5 16223.1 0 1 1 180 22 Flow
534 v0l1p1 26412.5 16223.1 26362.5 16223.1 0 1 1 180 22 Flow
535 v0l1p1 27812.5 16223.1 27762.5 16223.1 0 1 1 180 22 Flow
536 v0l1p1 29212.5 16223.1 29162.5 16223.1 0 1 1 180 22 Flow
537 v0l1p1 30612.5 16223.1 30562.5 16223.1 0 1 1 180 22 Flow
538 v0l1p1 32012.5 16223.1 31962.5 16223.1 0 1 1 180 22 Flow
539 v0l1p1 33412.5 16223.1 33362.5 16223.1 0 1 1 180 22 Flow
540 v0l1p1 34812.5 16223.1 34762.5 16223.1 0 1 1 180 22 Flow
541 v0l1p1 36212.5 16223.1 36162.5 16223.1 0 1 1 180 22 Flow
542 v0l1p1 37612.5 16223.1 37562.5 16223.1 0 1 1 180 22 Flow
543 v0l1p1 39012.5 16223.1 38962.5 16223.1 0 1 1 180 22 Flow
544 v0l1p1 40412.5 16223.1 40362.5 16223.1 0 1 1 180 22 Flow
545 v0l1p2 19412.5 16373.1 19362.5 16373.1 0 1 2 180 23 Flow
546 v0l1p2 20812.5 16373.1 20762.5 16373.1 0 1 2 180 23 Flow
547 v0l1p2 22212.5 16373.1 22162.5 16373.1 0 1 2 180 23 Flow
548 v0l1p2 23612.5 16373.1 23562.5 16373.1 0 1 2 180 23 Flow
549 v0l1p2 25012.5 16373.1 24962.5 16373.1 0 1 2 180 23 Flow
550 v0l1p2 26412.5 16373.1 26362.5 16373.1 0 1 2 180 23 Flow
551 v0l1p2 27812.5 16373.1 27762.5 16373.1 0 1 2 180 23 Flow
552 v0l1p2 29212.5 16373.1 29162.5 16373.1 0 1 2 180 23 Flow
553 v0l1p2 30612.5 16373.1 30562.5 16373.1 0 1 2 180 23 Flow
554 v0l1p2 32012.5 16373.1 31962.5 16373.1 0 1 2 180 23 Flow
555 v0l1p2 33412.5 16373.1 33362.5 16373.1 0 1 2 180 23 Flow
556 v0l1p2 34812.5 16373.1 34762.5 16373.1 0 1 2 180 23 Flow
557 v0l1p2 36212.5 16373.1 36162.5 16373.1 0 1 2 180 23 Flow
558 v0l1p2 37612.5 16373.1 37562.5 16373.1 0 1 2 180 23 Flow
559 v0l1p2 39012.5 16373.1 38962.5 16373.1 0 1 2 180 23 Flow
560 v0l1p2 40412.5 16373.1 40362.5 16373.1 0 1 2 180 23 Flow
561 v0l1p3 19412.5 16523.1 19362.5 16523.1 0 1 3 180 24 Flow
562 v0l1p3 20812.5 16523.1 20762.5 16523.1 0 1 3 180 24 Flow
563 v0l1p3 22212.5 16523.1 22162.5 16523.1 0 1 3 180 24 Flow
564 v0l1p3 23612.5 16523.1 23562.5 16523.1 0 1 3 180 24 Flow
565 v0l1p3 25012.5 16523.1 24962.5 16523.1 0 1 3 180 24 Flow
566 v0l1p3 26412.5 16523.1 26362.5 16523.1 0 1 3 180 24 Flow
567 v0l1p3 27812.5 16523.1 27762.5 16523.1 0 1 3 180 24 Flow
568 v0l1p3 29212.5 16523.1 29162.5 16523.1 0 1 3 180 24 Flow
569 v0l1p3 30612.5 16523.1 30562.5 16523.1 0 1 3 180 24 Flow
570 v0l1p3 32012.5 16523.1 31962.5 16523.1 0 1 3 180 24 Flow
571 v0l1p3 33412.5 16523.1 33362.5 16523.1 0 1 3 180 24 Flow
572 v0l1p3 34812.5 16523.1 34762.5 16523.1 0 1 3 180 24 Flow
573 v0l1p3 36212.5 16523.1 36162.5 16523.1 0 1 3 180 24 Flow
574 v0l1p3 37612.5 16523.1 37562.5 16523.1 0 1 3 180 24 Flow
575 v0l1p3 39012.5 16523.1 38962.5 16523.1 0 1 3 180 24 Flow
576 v0l1p3 40412.5 16523.1 40362.5 16523.1 0 1 3 180 24 Flow
577 v0l1p3 18962.5 16973.1 18962.5 17023.1 0 1 3 90 25 Flow
578 v0l1p3 19862.5 16973.1 19862.5 17023.1 0 1 3 90 25 Flow
579 v0l1p3 20362.5 16973.1 20362.5 17023.1 0 1 3 90 25 Flow
580 v0l1p3 21262.5 16973.1 21262.5 17023.1 0 1 3 90 25 Flow
581 v0l1p3 21762.5 16973.1 21762.5 17023.1 0 1 3 90 25 Flow
582 v0l1p3 22662.5 16973.1 22662.5 17023.1 0 1 3 90 25 Flow
583 v0l1p3 23162.5 16973.1 23162.5 17023.1 0 1 3 90 25 Flow
584 v0l1p3 24062.5 16973.1 24062.5 17023.1 0 1 3 90 25 Flow
585 v0l1p3 24562.5 16973.1 24562.5 17023.1 0 1 3 90 25 Flow
586 v0l1p3 25462.5 16973.1 25462.5 17023.1 0 1 3 90 25 Flow
587 v0l1p3 25962.5 16973.1 25962.5 17023.1 0 1 3 90 25 Flow
588 v0l1p3 26862.5 16973.1 26862.5 17023.1 0 1 3 90 25 Flow
589 v0l1p3 27362.5 16973.1 27362.5 17023.1 0 1 3 90 25 Flow
590 v0l1p3 28262.5 16973.1 28262.5 17023.1 0 1 3 90 25 Flow
591 v0l1p3 28762.5 16973.1 28762.5 17023.1 0 1 3 90 25 Flow
592 v0l1p3 29662.5 16973.1 29662.5 17023.1 0 1 3 90 25 Flow
593 v0l1p3 30162.5 16973.1 30162.5 17023.1 0 1 3 90 25 Flow
594 v0l1p3 31062.5 16973.1 31062.5 17023.1 0 1 3 90 25 Flow
595 v0l1p3 31562.5 16973.1 31562.5 17023.1 0 1 3 90 25 Flow
596 v0l1p3 32462.5 16973.1 32462.5 17023.1 0 1 3 90 25 Flow
597 v0l1p3 32962.5 16973.1 32962.5 17023.1 0 1 3 90 25 Flow
598 v0l1p3 33862.5 16973.1 33862.5 17023.1 0 1 3 90 25 Flow
599 v0l1p3 34362.5 16973.1 34362.5 17023.1 0 1 3 90 25 Flow
600 v0l1p3 35262.5 16973.1 35262.5 17023.1 0 1 3 90 25 Flow
601 v0l1p3 35762.5 16973.1 35762.5 17023.1 0 1 3 90 25 Flow
602 v0l1p3 36662.5 16973.1 36662.5 17023.1 0 1 3 90 25 Flow
603 v0l1p3 37162.5 16973.1 37162.5 17023.1 0 1 3 90 25 Flow
604 v0l1p3 38062.5 16973.1 38062.5 17023.1 0 1 3 90 25 Flow
605 v0l1p3 38562.5 16973.1 38562.5 17023.1 0 1 3 90 25 Flow
606 v0l1p3 39462.5 16973.1 39462.5 17023.1 0 1 3 90 25 Flow
607 v0l1p3 39962.5 16973.1 39962.5 17023.1 0 1 3 90 25 Flow
608 v0l1p3 40862.5 16973.1 40862.5 17023.1 0 1 3 90 25 Flow
609 v0l1p2 19112.5 17273.1 19062.5 17273.1 0 1 2 180 26 Flow
610 v0l1p2 19712.5 17273.1 19662.5 17273.1 0 1 2 180 26 Flow
611 v0l1p2 20512.5 17273.1 20462.5 17273.1 0 1 2 180 26 Flow
612 v0l1p2 21112.5 17273.1 21062.5 17273.1 0 1 2 180 26 Flow
613 v0l1p2 21912.5 17273.1 21862.5 17273.1 0 1 2 180 26 Flow
614 v0l1p2 22512.5 17273.1 22462.5 17273.1 0 1 2 180 26 Flow
615 v0l1p2 23312.5 17273.1 23262.5 17273.1 0 1 2 180 26 Flow
616 v0l1p2 23912.5 17273.1 23862.5 17273.1 0 1 2 180 26 Flow
617 v0l1p2 24712.5 17273.1 24662.5 17273.1 0 1 2 180 26 Flow
618 v0l1p2 25312.5 17273.1 25262.5 17273.1 0 1 2 180 26 Flow
619 v0l1p2 26112.5 17273.1 26062.5 17273.1 0 1 2 180 26 Flow
620 v0l1p2 26712.5 17273.1 26662.5 17273.1 0 1 2 180 26 Flow
621 v0l1p2 27512.5 17273.1 27462.5 17273.1 0 1 2 180 26 Flow
622 v0l1p2 28112.5 17273.1 28062.5 17273.1 0 1 2 180 26 Flow
623 v0l1p2 28912.5 17273.1 28862.5 17273.1 0 1 2 180 26 Flow
624 v0l1p2 29512.5 17273.1 29462.5 17273.1 0 1 2 180 26 Flow
625 v0l1p2 30312.5 17273.1 30262.5 17273.1 0 1 2 180 26 Flow
626 v0l1p2 30912.5 17273.1 30862.5 17273.1 0 1 2 180 26 Flow
627 v0l1p2 31712.5 17273.1 31662.5 17273.1 0 1 2 180 26 Flow
628 v0l1p2 32312.5 17273.1 32262.5 17273.1 0 1 2 180 26 Flow
629 v0l1p2 33112.5 17273.1 33062.5 17273.1 0 1 2 180 26 Flow
630 v0l1p2 33712.5 17273.1 33662.5 17273.1 0 1 2 180 26 Flow
631 v0l1p2 34512.5 17273.1 34462.5 17273.1 0 1 2 180 26 Flow
632 v0l1p2 35112.5 17273.1 35062.5 17273.1 0 1 2 180 26 Flow
633 v0l1p2 35912.5 17273.1 35862.5 17273.1 0 1 2 180 26 Flow
634 v0l1p2 36512.5 17273.1 36462.5 17273.1 0 1 2 180 26 Flow
635 v0l1p2 37312.5 17273.1 37262.5 17273.1 0 1 2 180 26 Flow
636 v0l1p2 37912.5 17273.1 37862.5 17273.1 0 1 2 180 26 Flow
637 v0l1p2 38712.5 17273.1 38662.5 17273.1 0 1 2 180 26 Flow
638 v0l1p2 39312.5 17273.1 39262.5 17273.1 0 1 2 180 26 Flow
639 v0l1p2 40112.5 17273.1 40062.5 17273.1 0 1 2 180 26 Flow
640 v0l1p2 40712.5 17273.1 40662.5 17273.1 0 1 2 180 26 Flow
641 v0l1p1 18962.5 17473.1 18962.5 17523.1 0 1 1 90 27 Flow
642 v0l1p1 19862.5 17473.1 19862.5 17523.1 0 1 1 90 27 Flow
643 v0l1p1 20362.5 17473.1 20362.5 17523.1 0 1 1 90 27 Flow
644 v0l1p1 21262.5 17473.1 21262.5 17523.1 0 1 1 90 27 Flow
645 v0l1p1 21762.5 17473.1 21762.5 17523.1 0 1 1 90 27 Flow
646 v0l1p1 22662.5 17473.1 22662.5 17523.1 0 1 1 90 27 Flow
647 v0l1p1 23162.5 17473.1 23162.5 17523.1 0 1 1 90 27 Flow
648 v0l1p1 24062.5 17473.1 24062.5 17523.1 0 1 1 90 27 Flow
649 v0l1p1 24562.5 17473.1 24562.5 17523.1 0 1 1 90 27 Flow
650 v0l1p1 25462.5 17473.1 25462.5 17523.1 0 1 1 90 27 Flow
651 v0l1p1 25962.5 17473.1 25962.5 17523.1 0 1 1 90 27 Flow
652 v0l1p1 26862.5 17473.1 26862.5 17523.1 0 1 1 90 27 Flow
653 v0l1p1 27362.5 17473.1 27362.5 17523.1 0 1 1 90 27 Flow
654 v0l1p1 28262.5 17473.1 28262.5 17523.1 0 1 1 90 27 Flow
655 v0l1p1 28762.5 17473.1 28762.5 17523.1 0 1 1 90 27 Flow
656 v0l1p1 29662.5 17473.1 29662.5 17523.1 0 1 1 90 27 Flow
657 v0l1p1 30162.5 17473.1 30162.5 17523.1 0 1 1 90 27 Flow
658 v0l1p1 31062.5 17473.1 31062.5 17523.1 0 1 1 90 27 Flow
659 v0l1p1 31562.5 17473.1 31562.5 17523.1 0 1 1 90 27 Flow
660 v0l1p1 32462.5 17473.1 32462.5 17523.1 0 1 1 90 27 Flow
661 v0l1p1 32962.5 17473.1 32962.5 17523.1 0 1 1 90 27 Flow
662 v0l1p1 33862.5 17473.1 33862.5 17523.1 0 1 1 90 27 Flow
663 v0l1p1 34362.5 17473.1 34362.5 17523.1 0 1 1 90 27 Flow
664 v0l1p1 35262.5 17473.1 35262.5 17523.1 0 1 1 90 27 Flow
665 v0l1p1 35762.5 17473.1 35762.5 17523.1 0 1 1 90 27 Flow
666 v0l1p1 36662.5 17473.1 36662.5 17523.1 0 1 1 90 27 Flow
667 v0l1p1 37162.5 17473.1 37162.5 17523.1 0 1 1 90 27 Flow
668 v0l1p1 38062.5 17473.1 38062.5 17523.1 0 1 1 90 27 Flow
669 v0l1p1 38562.5 17473.1 38562.5 17523.1 0 1 1 90 27 Flow
670 v0l1p1 39462.5 17473.1 39462.5 17523.1 0 1 1 90 27 Flow
671 v0l1p1 39962.5 17473.1 39962.5 17523.1 0 1 1 90 27 Flow
672 v0l1p1 40862.5 17473.1 40862.5 17523.1 0 1 1 90 27 Flow
673 v0l1p1 19412.5 17923.1 19362.5 17923.1 0 1 1 180 28 Flow
674 v0l1p1 20812.5 17923.1 20762.5 17923.1 0 1 1 180 28 Flow
675 v0l1p1 22212.5 17923.1 22162.5 17923.1 0 1 1 180 28 Flow
676 v0l1p1 23612.5 17923.1 23562.5 17923.1 0 1 1 180 28 Flow
677 v0l1p1 25012.5 17923.1 24962.5 17923.1 0 1 1 180 28 Flow
678 v0l1p1 26412.5 17923.1 26362.5 17923.1 0 1 1 180 28 Flow
679 v0l1p1 27812.5 17923.1 27762.5 17923.1 0 1 1 180 28 Flow
680 v0l1p1 29212.5 17923.1 29162.5 17923.1 0 1 1 180 28 Flow
681 v0l1p1 30612.5 17923.1 30562.5 17923.1 0 1 1 180 28 Flow
682 v0l1p1 32012.5 17923.1 31962.5 17923.1 0 1 1 180 28 Flow
683 v0l1p1 33412.5 17923.1 33362.5 17923.1 0 1 1 180 28 Flow
684 v0l1p1 34812.5 17923.1 34762.5 17923.1 0 1 1 180 28 Flow
685 v0l1p1 36212.5 17923.1 36162.5 17923.1 0 1 1 180 28 Flow
686 v0l1p1 37612.5 17923.1 37562.5 17923.1 0 1 1 180 28 Flow
687 v0l1p1 39012.5 17923.1 38962.5 17923.1 0 1 1 180 28 Flow
688 v0l1p1 40412.5 17923.1 40362.5 17923.1 0 1 1 180 28 Flow
689 v0l1p2 19412.5 18073.1 19362.5 18073.1 0 1 2 180 29 Flow
690 v0l1p2 20812.5 18073.1 20762.5 18073.1 0 1 2 180 29 Flow
691 v0l1p2 22212.5 18073.1 22162.5 18073.1 0 1 2 180 29 Flow
692 v0l1p2 23612.5 18073.1 23562.5 18073.1 0 1 2 180 29 Flow
693 v0l1p2 25012.5 18073.1 24962.5 18073.1 0 1 2 180 29 Flow
694 v0l1p2 26412.5 18073.1 26362.5 18073.1 0 1 2 180 29 Flow
695 v0l1p2 27812.5 18073.1 27762.5 18073.1 0 1 2 180 29 Flow
696 v0l1p2 29212.5 18073.1 29162.5 18073.1 0 1 2 180 29 Flow
697 v0l1p2 30612.5 18073.1 30562.5 18073.1 0 1 2 180 29 Flow
698 v0l1p2 32012.5 18073.1 31962.5 18073.1 0 1 2 180 29 Flow
699 v0l1p2 33412.5 18073.1 33362.5 18073.1 0 1 2 180 29 Flow
700 v0l1p2 34812.5 18073.1 34762.5 18073.1 0 1 2 180 29 Flow
701 v0l1p2 36212.5 18073.1 36162.5 18073.1 0 1 2 180 29 Flow
702 v0l1p2 37612.5 18073.1 37562.5 18073.1 0 1 2 180 29 Flow
703 v0l1p2 39012.5 18073.1 38962.5 18073.1 0 1 2 180 29 Flow
704 v0l1p2 40412.5 18073.1 40362.5 18073.1 0 1 2 180 29 Flow
705 v0l1p3 19412.5 18223.1 19362.5 18223.1 0 1 3 180 30 Flow
706 v0l1p3 20812.5 18223.1 20762.5 18223.1 0 1 3 180 30 Flow
707 v0l1p3 22212.5 18223.1 22162.5 18223.1 0 1 3 180 30 Flow
708 v0l1p3 23612.5 18223.1 23562.5 18223.1 0 1 3 180 30 Flow
709 v0l1p3 25012.5 18223.1 24962.5 18223.1 0 1 3 180 30 Flow
710 v0l1p3 26412.5 18223.1 26362.5 18223.1 0 1 3 180 30 Flow
711 v0l1p3 27812.5 18223.1 27762.5 18223.1 0 1 3 180 30 Flow
712 v0l1p3 29212.5 18223.1 29162.5 18223.1 0 1 3 180 30 Flow
713 v0l1p3 30612.5 18223.1 30562.5 18223.1 0 1 3 180 30 Flow
714 v0l1p3 32012.5 18223.1 31962.5 18223.1 0 1 3 180 30 Flow
715 v0l1p3 33412.5 18223.1 33362.5 18223.1 0 1 3 180 30 Flow
716 v0l1p3 34812.5 18223.1 34762.5 18223.1 0 1 3 180 30 Flow
717 v0l1p3 36212.5 18223.1 36162.5 18223.1 0 1 3 180 30 Flow
718 v0l1p3 37612.5 18223.1 37562.5 18223.1 0 1 3 180 30 Flow
719 v0l1p3 39012.5 18223.1 38962.5 18223.1 0 1 3 180 30 Flow
720 v0l1p3 40412.5 18223.1 40362.5 18223.1 0 1 3 180 30 Flow
721 v0l1p3 18962.5 18673.1 18962.5 18723.1 0 1 3 90 31 Flow
722 v0l1p3 19862.5 18673.1 19862.5 18723.1 0 1 3 90 31 Flow
723 v0l1p3 20362.5 18673.1 20362.5 18723.1 0 1 3 90 31 Flow
724 v0l1p3 21262.5 18673.1 21262.5 18723.1 0 1 3 90 31 Flow
725 v0l1p3 21762.5 18673.1 21762.5 18723.1 0 1 3 90 31 Flow
726 v0l1p3 22662.5 18673.1 22662.5 18723.1 0 1 3 90 31 Flow
727 v0l1p3 23162.5 18673.1 23162.5 18723.1 0 1 3 90 31 Flow
728 v0l1p3 24062.5 18673.1 24062.5 18723.1 0 1 3 90 31 Flow
729 v0l1p3 24562.5 18673.1 24562.5 18723.1 0 1 3 90 31 Flow
730 v0l1p3 25462.5 18673.1 25462.5 18723.1 0 1 3 90 31 Flow
731 v0l1p3 25962.5 18673.1 25962.5 18723.1 0 1 3 90 31 Flow
732 v0l1p3 26862.5 18673.1 26862.5 18723.1 0 1 3 90 31 Flow
733 v0l1p3 27362.5 18673.1 27362.5 18723.1 0 1 3 90 31 Flow
734 v0l1p3 28262.5 18673.1 28262.5 18723.1 0 1 3 90 31 Flow
735 v0l1p3 28762.5 18673.1 28762.5 18723.1 0 1 3 90 31 Flow
736 v0l1p3 29662.5 18673.1 29662.5 18723.1 0 1 3 90 31 Flow
737 v0l1p3 30162.5 18673.1 30162.5 18723.1 0 1 3 90 31 Flow
738 v0l1p3 31062.5 18673.1 31062.5 18723.1 0 1 3 90 31 Flow
739 v0l1p3 31562.5 18673.1 31562.5 18723.1 0 1 3 90 31 Flow
740 v0l1p3 32462.5 18673.1 32462.5 18723.1 0 1 3 90 31 Flow
741 v0l1p3 32962.5 18673.1 32962.5 18723.1 0 1 3 90 31 Flow
742 v0l1p3 33862.5 18673.1 33862.5 18723.1 0 1 3 90 31 Flow
743 v0l1p3 34362.5 18673.1 34362.5 18723.1 0 1 3 90 31 Flow
744 v0l1p3 35262.5 18673.1 35262.5 18723.1 0 1 3 90 31 Flow
745 v0l1p3 35762.5 18673.1 35762.5 18723.1 0 1 3 90 31 Flow
746 v0l1p3 36662.5 18673.1 36662.5 18723.1 0 1 3 90 31 Flow
747 v0l1p3 37162.5 18673.1 37162.5 18723.1 0 1 3 90 31 Flow
748 v0l1p3 38062.5 18673.1 38062.5 18723.1 0 1 3 90 31 Flow
749 v0l1p3 38562.5 18673.1 38562.5 18723.1 0 1 3 90 31 Flow
750 v0l1p3 39462.5 18673.1 39462.5 18723.1 0 1 3 90 31 Flow
751 v0l1p3 39962.5 18673.1 39962.5 18723.1 0 1 3 90 31 Flow
752 v0l1p3 40862.5 18673.1 40862.5 18723.1 0 1 3 90 31 Flow
753 v0l1p2 19112.5 18973.1 19062.5 18973.1 0 1 2 180 32 Flow
754 v0l1p2 19712.5 18973.1 19662.5 18973.1 0 1 2 180 32 Flow
755 v0l1p2 20512.5 18973.1 20462.5 18973.1 0 1 2 180 32 Flow
756 v0l1p2 21112.5 18973.1 21062.5 18973.1 0 1 2 180 32 Flow
757 v0l1p2 21912.5 18973.1 21862.5 18973.1 0 1 2 180 32 Flow
758 v0l1p2 22512.5 18973.1 22462.5 18973.1 0 1 2 180 32 Flow
759 v0l1p2 23312.5 18973.1 23262.5 18973.1 0 1 2 180 32 Flow
760 v0l1p2 23912.5 18973.1 23862.5 18973.1 0 1 2 180 32 Flow
761 v0l1p2 24712.5 18973.1 24662.5 18973.1 0 1 2 180 32 Flow
762 v0l1p2 25312.5 18973.1 25262.5 18973.1 0 1 2 180 32 Flow
763 v0l1p2 26112.5 18973.1 26062.5 18973.1 0 1 2 180 32 Flow
764 v0l1p2 26712.5 18973.1 26662.5 18973.1 0 1 2 180 32 Flow
765 v0l1p2 27512.5 18973.1 27462.5 18973.1 0 1 2 180 32 Flow
766 v0l1p2 28112.5 18973.1 28062.5 18973.1 0 1 2 180 32 Flow
767 v0l1p2 28912.5 18973.1 28862.5 18973.1 0 1 2 180 32 Flow
768 v0l1p2 29512.5 18973.1 29462.5 18973.1 0 1 2 180 32 Flow
769 v0l1p2 30312.5 18973.1 30262.5 18973.1 0 1 2 180 32 Flow
770 v0l1p2 30912.5 18973.1 30862.5 18973.1 0 1 2 180 32 Flow
771 v0l1p2 31712.5 18973.1 31662.5 18973.1 0 1 2 180 32 Flow
772 v0l1p2 32312.5 18973.1 32262.5 18973.1 0 1 2 180 32 Flow
773 v0l1p2 33112.5 18973.1 33062.5 18973.1 0 1 2 180 32 Flow
774 v0l1p2 33712.5 18973.1 33662.5 18973.1 0 1 2 180 32 Flow
775 v0l1p2 34512.5 18973.1 34462.5 18973.1 0 1 2 180 32 Flow
776 v0l1p2 35112.5 18973.1 35062.5 18973.1 0 1 2 180 32 Flow
777 v0l1p2 35912.5 18973.1 35862.5 18973.1 0 1 2 180 32 Flow
778 v0l1p2 36512.5 18973.1 36462.5 18973.1 0 1 2 180 32 Flow
779 v0l1p2 37312.5 18973.1 37262.5 18973.1 0 1 2 180 32 Flow
780 v0l1p2 37912.5 18973.1 37862.5 18973.1 0 1 2 180 32 Flow
781 v0l1p2 38712.5 18973.1 38662.5 18973.1 0 1 2 180 32 Flow
782 v0l1p2 39312.5 18973.1 39262.5 18973.1 0 1 2 180 32 Flow
783 v0l1p2 40112.5 18973.1 40062.5 18973.1 0 1 2 180 32 Flow
784 v0l1p2 40712.5 18973.1 40662.5 18973.1 0 1 2 180 32 Flow
785 v0l1p1 18962.5 19173.1 18962.5 19223.1 0 1 1 90 33 Flow
786 v0l1p1 19862.5 19173.1 19862.5 19223.1 0 1 1 90 33 Flow
787 v0l1p1 20362.5 19173.1 20362.5 19223.1 0 1 1 90 33 Flow
788 v0l1p1 21262.5 19173.1 21262.5 19223.1 0 1 1 90 33 Flow
789 v0l1p1 21762.5 19173.1 21762.5 19223.1 0 1 1 90 33 Flow
790 v0l1p1 22662.5 19173.1 22662.5 19223.1 0 1 1 90 33 Flow
791 v0l1p1 23162.5 19173.1 23162.5 19223.1 0 1 1 90 33 Flow
792 v0l1p1 24062.5 19173.1 24062.5 19223.1 0 1 1 90 33 Flow
793 v0l1p1 24562.5 19173.1 24562.5 19223.1 0 1 1 90 33 Flow
794 v0l1p1 25462.5 19173.1 25462.5 19223.1 0 1 1 90 33 Flow
795 v0l1p1 25962.5 19173.1 25962.5 19223.1 0 1 1 90 33 Flow
796 v0l1p1 26862.5 19173.1 26862.5 19223.1 0 1 1 90 33 Flow
797 v0l1p1 27362.5 19173.1 27362.5 19223.1 0 1 1 90 33 Flow
798 v0l1p1 28262.5 19173.1 28262.5 19223.1 0 1 1 90 33 Flow
799 v0l1p1 28762.5 19173.1 28762.5 19223.1 0 1 1 90 33 Flow
800 v0l1p1 29662.5 19173.1 29662.5 19223.1 0 1 1 90 33 Flow
801 v0l1p1 30162.5 19173.1 30162.5 19223.1 0 1 1 90 33 Flow
802 v0l1p1 31062.5 19173.1 31062.5 19223.1 0 1 1 90 33 Flow
803 v0l1p1 31562.5 19173.1 31562.5 19223.1 0 1 1 90 33 Flow
804 v0l1p1 32462.5 19173.1 32462.5 19223.1 0 1 1 90 33 Flow
805 v0l1p1 32962.5 19173.1 32962.5 19223.1 0 1 1 90 33 Flow
806 v0l1p1 33862.5 19173.1 33862.5 19223.1 0 1 1 90 33 Flow
807 v0l1p1 34362.5 19173.1 34362.5 19223.1 0 1 1 90 33 Flow
808 v0l1p1 35262.5 19173.1 35262.5 19223.1 0 1 1 90 33 Flow
809 v0l1p1 35762.5 19173.1 35762.5 19223.1 0 1 1 90 33 Flow
810 v0l1p1 36662.5 19173.1 36662.5 19223.1 0 1 1 90 33 Flow
811 v0l1p1 37162.5 19173.1 37162.5 19223.1 0 1 1 90 33 Flow
812 v0l1p1 38062.5 19173.1 38062.5 19223.1 0 1 1 90 33 Flow
813 v0l1p1 38562.5 19173.1 38562.5 19223.1 0 1 1 90 33 Flow
814 v0l1p1 39462.5 19173.1 39462.5 19223.1 0 1 1 90 33 Flow
815 v0l1p1 39962.5 19173.1 39962.5 19223.1 0 1 1 90 33 Flow
816 v0l1p1 40862.5 19173.1 40862.5 19223.1 0 1 1 90 33 Flow
817 v0l1p1 19412.5 19623.1 19362.5 19623.1 0 1 1 180 34 Flow
818 v0l1p1 20812.5 19623.1 20762.5 19623.1 0 1 1 180 34 Flow
819 v0l1p1 22212.5 19623.1 22162.5 19623.1 0 1 1 180 34 Flow
820 v0l1p1 23612.5 19623.1 23562.5 19623.1 0 1 1 180 34 Flow
821 v0l1p1 25012.5 19623.1 24962.5 19623.1 0 1 1 180 34 Flow
822 v0l1p1 26412.5 19623.1 26362.5 19623.1 0 1 1 180 34 Flow
823 v0l1p1 27812.5 19623.1 27762.5 19623.1 0 1 1 180 34 Flow
824 v0l1p1 29212.5 19623.1 29162.5 19623.1 0 1 1 180 34 Flow
825 v0l1p1 30612.5 19623.1 30562.5 19623.1 0 1 1 180 34 Flow
826 v0l1p1 32012.5 19623.1 31962.5 19623.1 0 1 1 180 34 Flow
827 v0l1p1 33412.5 19623.1 33362.5 19623.1 0 1 1 180 34 Flow
828 v0l1p1 34812.5 19623.1 34762.5 19623.1 0 1 1 180 34 Flow
829 v0l1p1 36212.5 19623.1 36162.5 19623.1 0 1 1 180 34 Flow
830 v0l1p1 37612.5 19623.1 37562.5 19623.1 0 1 1 180 34 Flow
831 v0l1p1 39012.5 19623.1 38962.5 19623.1 0 1 1 180 34 Flow
832 v0l1p1 40412.5 19623.1 40362.5 19623.1 0 1 1 180 34 Flow
833 v0l1p2 19412.5 19773.1 19362.5 19773.1 0 1 2 180 35 Flow
834 v0l1p2 20812.5 19773.1 20762.5 19773.1 0 1 2 180 35 Flow
835 v0l1p2 22212.5 19773.1 22162.5 19773.1 0 1 2 180 35 Flow
836 v0l1p2 23612.5 19773.1 23562.5 19773.1 0 1 2 180 35 Flow
837 v0l1p2 25012.5 19773.1 24962.5 19773.1 0 1 2 180 35 Flow
838 v0l1p2 26412.5 19773.1 26362.5 19773.1 0 1 2 180 35 Flow
839 v0l1p2 27812.5 19773.1 27762.5 19773.1 0 1 2 180 35 Flow
840 v0l1p2 29212.5 19773.1 29162.5 19773.1 0 1 2 180 35 Flow
841 v0l1p2 30612.5 19773.1 30562.5 19773.1 0 1 2 180 35 Flow
842 v0l1p2 32012.5 19773.1 31962.5 19773.1 0 1 2 180 35 Flow
843 v0l1p2 33412.5 19773.1 33362.5 19773.1 0 1 2 180 35 Flow
844 v0l1p2 34812.5 19773.1 34762.5 19773.1 0 1 2 180 35 Flow
845 v0l1p2 36212.5 19773.1 36162.5 19773.1 0 1 2 180 35 Flow
846 v0l1p2 37612.5 19773.1 37562.5 19773.1 0 1 2 180 35 Flow
847 v0l1p2 39012.5 19773.1 38962.5 19773.1 0 1 2 180 35 Flow
848 v0l1p2 40412.5 19773.1 40362.5 19773.1 0 1 2 180 35 Flow
849 v0l1p3 19412.5 19923.1 19362.5 19923.1 0 1 3 180 36 Flow
850 v0l1p3 20812.5 19923.1 20762.5 19923.1 0 1 3 180 36 Flow
851 v0l1p3 22212.5 19923.1 22162.5 19923.1 0 1 3 180 36 Flow
852 v0l1p3 23612.5 19923.1 23562.5 19923.1 0 1 3 180 36 Flow
853 v0l1p3 25012.5 19923.1 24962.5 19923.1 0 1 3 180 36 Flow
854 v0l1p3 26412.5 19923.1 26362.5 19923.1 0 1 3 180 36 Flow
855 v0l1p3 27812.5 19923.1 27762.5 19923.1 0 1 3 180 36 Flow
856 v0l1p3 29212.5 19923.1 29162.5 19923.1 0 1 3 180 36 Flow
857 v0l1p3 30612.5 19923.1 30562.5 19923.1 0 1 3 180 36 Flow
858 v0l1p3 32012.5 19923.1 31962.5 19923.1 0 1 3 180 36 Flow
859 v0l1p3 33412.5 19923.1 33362.5 19923.1 0 1 3 180 36 Flow
860 v0l1p3 34812.5 19923.1 34762.5 19923.1 0 1 3 180 36 Flow
861 v0l1p3 36212.5 19923.1 36162.5 19923.1 0 1 3 180 36 Flow
862 v0l1p3 37612.5 19923.1 37562.5 19923.1 0 1 3 180 36 Flow
863 v0l1p3 39012.5 19923.1 38962.5 19923.1 0 1 3 180 36 Flow
864 v0l1p3 40412.5 19923.1 40362.5 19923.1 0 1 3 180 36 Flow
865 v0l1p3 18962.5 20373.1 18962.5 20423.1 0 1 3 90 37 Flow
866 v0l1p3 19862.5 20373.1 19862.5 20423.1 0 1 3 90 37 Flow
867 v0l1p3 20362.5 20373.1 20362.5 20423.1 0 1 3 90 37 Flow
868 v0l1p3 21262.5 20373.1 21262.5 20423.1 0 1 3 90 37 Flow
869 v0l1p3 21762.5 20373.1 21762.5 20423.1 0 1 3 90 37 Flow
870 v0l1p3 22662.5 20373.1 22662.5 20423.1 0 1 3 90 37 Flow
871 v0l1p3 23162.5 20373.1 23162.5 20423.1 0 1 3 90 37 Flow
872 v0l1p3 24062.5 20373.1 24062.5 20423.1 0 1 3 90 37 Flow
873 v0l1p3 24562.5 20373.1 24562.5 20423.1 0 1 3 90 37 Flow
874 v0l1p3 25462.5 20373.1 25462.5 20423.1 0 1 3 90 37 Flow
875 v0l1p3 25962.5 20373.1 25962.5 20423.1 0 1 3 90 37 Flow
876 v0l1p3 26862.5 20373.1 26862.5 20423.1 0 1 3 90 37 Flow
877 v0l1p3 27362.5 20373.1 27362.5 20423.1 0 1 3 90 37 Flow
878 v0l1p3 28262.5 20373.1 28262.5 20423.1 0 1 3 90 37 Flow
879 v0l1p3 28762.5 20373.1 28762.5 20423.1 0 1 3 90 37 Flow
880 v0l1p3 29662.5 20373.1 29662.5 20423.1 0 1 3 90 37 Flow
881 v0l1p3 30162.5 20373.1 30162.5 20423.1 0 1 3 90 37 Flow
882 v0l1p3 31062.5 20373.1 31062.5 20423.1 0 1 3 90 37 Flow
883 v0l1p3 31562.5 20373.1 31562.5 20423.1 0 1 3 90 37 Flow
884 v0l1p3 32462.5 20373.1 32462.5 20423.1 0 1 3 90 37 Flow
885 v0l1p3 32962.5 20373.1 32962.5 20423.1 0 1 3 90 37 Flow
886 v0l1p3 33862.5 20373.1 33862.5 20423.1 0 1 3 90 37 Flow
887 v0l1p3 34362.5 20373.1 34362.5 20423.1 0 1 3 90 37 Flow
888 v0l1p3 35262.5 20373.1 35262.5 20423.1 0 1 3 90 37 Flow
889 v0l1p3 35762.5 20373.1 35762.5 20423.1 0 1 3 90 37 Flow
890 v0l1p3 36662.5 20373.1 36662.5 20423.1 0 1 3 90 37 Flow
891 v0l1p3 37162.5 20373.1 37162.5 20423.1 0 1 3 90 37 Flow
892 v0l1p3 38062.5 20373.1 38062.5 20423.1 0 1 3 90 37 Flow
893 v0l1p3 38562.5 20373.1 38562.5 20423.1 0 1 3 90 37 Flow
894 v0l1p3 39462.5 20373.1 39462.5 20423.1 0 1 3 90 37 Flow
895 v0l1p3 39962.5 20373.1 39962.5 20423.1 0 1 3 90 37 Flow
896 v0l1p3 40862.5 20373.1 40862.5 20423.1 0 1 3 90 37 Flow
897 v0l1p2 19112.5 20673.1 19062.5 20673.1 0 1 2 180 38 Flow
898 v0l1p2 19712.5 20673.1 19662.5 20673.1 0 1 2 180 38 Flow
899 v0l1p2 20512.5 20673.1 20462.5 20673.1 0 1 2 180 38 Flow
900 v0l1p2 21112.5 20673.1 21062.5 20673.1 0 1 2 180 38 Flow
901 v0l1p2 21912.5 20673.1 21862.5 20673.1 0 1 2 180 38 Flow
902 v0l1p2 22512.5 20673.1 22462.5 20673.1 0 1 2 180 38 Flow
903 v0l1p2 23312.5 20673.1 23262.5 20673.1 0 1 2 180 38 Flow
904 v0l1p2 23912.5 20673.1 23862.5 20673.1 0 1 2 180 38 Flow
905 v0l1p2 24712.5 20673.1 24662.5 20673.1 0 1 2 180 38 Flow
906 v0l1p2 25312.5 20673.1 25262.5 20673.1 0 1 2 180 38 Flow
907 v0l1p2 26112.5 20673.1 26062.5 20673.1 0 1 2 180 38 Flow
908 v0l1p2 26712.5 20673.1 26662.5 20673.1 0 1 2 180 38 Flow
909 v0l1p2 27512.5 20673.1 27462.5 20673.1 0 1 2 180 38 Flow
910 v0l1p2 28112.5 20673.1 28062.5 20673.1 0 1 2 180 38 Flow
911 v0l1p2 28912.5 20673.1 28862.5 20673.1 0 1 2 180 38 Flow
912 v0l1p2 29512.5 20673.1 29462.5 20673.1 0 1 2 180 38 Flow
913 v0l1p2 30312.5 20673.1 30262.5 20673.1 0 1 2 180 38 Flow
914 v0l1p2 30912.5 20673.1 30862.5 20673.1 0 1 2 180 38 Flow
915 v0l1p2 31712.5 20673.1 31662.5 20673.1 0 1 2 180 38 Flow
916 v0l1p2 32312.5 20673.1 32262.5 20673.1 0 1 2 180 38 Flow
917 v0l1p2 33112.5 20673.1 33062.5 20673.1 0 1 2 180 38 Flow
918 v0l1p2 33712.5 20673.1 33662.5 20673.1 0 1 2 180 38 Flow
919 v0l1p2 34512.5 20673.1 34462.5 20673.1 0 1 2 180 38 Flow
920 v0l1p2 35112.5 20673.1 35062.5 20673.1 0 1 2 180 38 Flow
921 v0l1p2 35912.5 20673.1 35862.5 20673.1 0 1 2 180 38 Flow
922 v0l1p2 36512.5 20673.1 36462.5 20673.1 0 1 2 180 38 Flow
923 v0l1p2 37312.5 20673.1 37262.5 20673.1 0 1 2 180 38 Flow
924 v0l1p2 37912.5 20673.1 37862.5 20673.1 0 1 2 180 38 Flow
925 v0l1p2 38712.5 20673.1 38662.5 20673.1 0 1 2 180 38 Flow
926 v0l1p2 39312.5 20673.1 39262.5 20673.1 0 1 2 180 38 Flow
927 v0l1p2 40112.5 20673.1 40062.5 20673.1 0 1 2 180 38 Flow
928 v0l1p2 40712.5 20673.1 40662.5 20673.1 0 1 2 180 38 Flow
929 v0l1p1 18962.5 20873.1 18962.5 20923.1 0 1 1 90 39 Flow
930 v0l1p1 19862.5 20873.1 19862.5 20923.1 0 1 1 90 39 Flow
931 v0l1p1 20362.5 20873.1 20362.5 20923.1 0 1 1 90 39 Flow
932 v0l1p1 21262.5 20873.1 21262.5 20923.1 0 1 1 90 39 Flow
933 v0l1p1 21762.5 20873.1 21762.5 20923.1 0 1 1 90 39 Flow
934 v0l1p1 22662.5 20873.1 22662.5 20923.1 0 1 1 90 39 Flow
935 v0l1p1 23162.5 20873.1 23162.5 20923.1 0 1 1 90 39 Flow
936 v0l1p1 24062.5 20873.1 24062.5 20923.1 0 1 1 90 39 Flow
937 v0l1p1 24562.5 20873.1 24562.5 20923.1 0 1 1 90 39 Flow
938 v0l1p1 25462.5 20873.1 25462.5 20923.1 0 1 1 90 39 Flow
939 v0l1p1 25962.5 20873.1 25962.5 20923.1 0 1 1 90 39 Flow
940 v0l1p1 26862.5 20873.1 26862.5 20923.1 0 1 1 90 39 Flow
941 v0l1p1 27362.5 20873.1 27362.5 20923.1 0 1 1 90 39 Flow
942 v0l1p1 28262.5 20873.1 28262.5 20923.1 0 1 1 90 39 Flow
943 v0l1p1 28762.5 20873.1 28762.5 20923.1 0 1 1 90 39 Flow
944 v0l1p1 29662.5 20873.1 29662.5 20923.1 0 1 1 90 39 Flow
945 v0l1p1 30162.5 20873.1 30162.5 20923.1 0 1 1 90 39 Flow
946 v0l1p1 31062.5 20873.1 31062.5 20923.1 0 1 1 90 39 Flow
947 v0l1p1 31562.5 20873.1 31562.5 20923.1 0 1 1 90 39 Flow
948 v0l1p1 32462.5 20873.1 32462.5 20923.1 0 1 1 90 39 Flow
949 v0l1p1 32962.5 20873.1 32962.5 20923.1 0 1 1 90 39 Flow
950 v0l1p1 33862.5 20873.1 33862.5 20923.1 0 1 1 90 39 Flow
951 v0l1p1 34362.5 20873.1 34362.5 20923.1 0 1 1 90 39 Flow
952 v0l1p1 35262.5 20873.1 35262.5 20923.1 0 1 1 90 39 Flow
953 v0l1p1 35762.5 20873.1 35762.5 20923.1 0 1 1 90 39 Flow
954 v0l1p1 36662.5 20873.1 36662.5 20923.1 0 1 1 90 39 Flow
955 v0l1p1 37162.5 20873.1 37162.5 20923.1 0 1 1 90 39 Flow
956 v0l1p1 38062.5 20873.1 38062.5 20923.1 0 1 1 90 39 Flow
957 v0l1p1 38562.5 20873.1 38562.5 20923.1 0 1 1 90 39 Flow
958 v0l1p1 39462.5 20873.1 39462.5 20923.1 0 1 1 90 39 Flow
959 v0l1p1 39962.5 20873.1 39962.5 20923.1 0 1 1 90 39 Flow
960 v0l1p1 40862.5 20873.1 40862.5 20923.1 0 1 1 90 39 Flow
961 v0l1p1 19412.5 21323.1 19362.5 21323.1 0 1 1 180 40 Flow
962 v0l1p1 20812.5 21323.1 20762.5 21323.1 0 1 1 180 40 Flow
963 v0l1p1 22212.5 21323.1 22162.5 21323.1 0 1 1 180 40 Flow
964 v0l1p1 23612.5 21323.1 23562.5 21323.1 0 1 1 180 40 Flow
965 v0l1p1 25012.5 21323.1 24962.5 21323.1 0 1 1 180 40 Flow
966 v0l1p1 26412.5 21323.1 26362.5 21323.1 0 1 1 180 40 Flow
967 v0l1p1 27812.5 21323.1 27762.5 21323.1 0 1 1 180 40 Flow
968 v0l1p1 29212.5 21323.1 29162.5 21323.1 0 1 1 180 40 Flow
969 v0l1p1 30612.5 21323.1 30562.5 21323.1 0 1 1 180 40 Flow
970 v0l1p1 32012.5 21323.1 31962.5 21323.1 0 1 1 180 40 Flow
971 v0l1p1 33412.5 21323.1 33362.5 21323.1 0 1 1 180 40 Flow
972 v0l1p1 34812.5 21323.1 34762.5 21323.1 0 1 1 180 40 Flow
973 v0l1p1 36212.5 21323.1 36162.5 21323.1 0 1 1 180 40 Flow
974 v0l1p1 37612.5 21323.1 37562.5 21323.1 0 1 1 180 40 Flow
975 v0l1p1 39012.5 21323.1 38962.5 21323.1 0 1 1 180 40 Flow
976 v0l1p1 40412.5 21323.1 40362.5 21323.1 0 1 1 180 40 Flow
977 v0l1p2 19412.5 21473.1 19362.5 21473.1 0 1 2 180 41 Flow
978 v0l1p2 20812.5 21473.1 20762.5 21473.1 0 1 2 180 41 Flow
979 v0l1p2 22212.5 21473.1 22162.5 21473.1 0 1 2 180 41 Flow
980 v0l1p2 23612.5 21473.1 23562.5 21473.1 0 1 2 180 41 Flow
981 v0l1p2 25012.5 21473.1 24962.5 21473.1 0 1 2 180 41 Flow
982 v0l1p2 26412.5 21473.1 26362.5 21473.1 0 1 2 180 41 Flow
983 v0l1p2 27812.5 21473.1 27762.5 21473.1 0 1 2 180 41 Flow
984 v0l1p2 29212.5 21473.1 29162.5 21473.1 0 1 2 180 41 Flow
985 v0l1p2 30612.5 21473.1 30562.5 21473.1 0 1 2 180 41 Flow
986 v0l1p2 32012.5 21473.1 31962.5 21473.1 0 1 2 180 41 Flow
987 v0l1p2 33412.5 21473.1 33362.5 21473.1 0 1 2 180 41 Flow
988 v0l1p2 34812.5 21473.1 34762.5 21473.1 0 1 2 180 41 Flow
989 v0l1p2 36212.5 21473.1 36162.5 21473.1 0 1 2 180 41 Flow
990 v0l1p2 37612.5 21473.1 37562.5 21473.1 0 1 2 180 41 Flow
991 v0l1p2 39012.5 21473.1 38962.5 21473.1 0 1 2 180 41 Flow
992 v0l1p2 40412.5 21473.1 40362.5 21473.1 0 1 2 180 41 Flow
993 v0l1p3 19412.5 21623.1 19362.5 21623.1 0 1 3 180 42 Flow
994 v0l1p3 20812.5 21623.1 20762.5 21623.1 0 1 3 180 42 Flow
995 v0l1p3 22212.5 21623.1 22162.5 21623.1 0 1 3 180 42 Flow
996 v0l1p3 23612.5 21623.1 23562.5 21623.1 0 1 3 180 42 Flow
997 v0l1p3 25012.5 21623.1 24962.5 21623.1 0 1 3 180 42 Flow
998 v0l1p3 26412.5 21623.1 26362.5 21623.1 0 1 3 180 42 Flow
999 v0l1p3 27812.5 21623.1 27762.5 21623.1 0 1 3 180 42 Flow
1000 v0l1p3 29212.5 21623.1 29162.5 21623.1 0 1 3 180 42 Flow
1001 v0l1p3 30612.5 21623.1 30562.5 21623.1 0 1 3 180 42 Flow
1002 v0l1p3 32012.5 21623.1 31962.5 21623.1 0 1 3 180 42 Flow
1003 v0l1p3 33412.5 21623.1 33362.5 21623.1 0 1 3 180 42 Flow
1004 v0l1p3 34812.5 21623.1 34762.5 21623.1 0 1 3 180 42 Flow
1005 v0l1p3 36212.5 21623.1 36162.5 21623.1 0 1 3 180 42 Flow
1006 v0l1p3 37612.5 21623.1 37562.5 21623.1 0 1 3 180 42 Flow
1007 v0l1p3 39012.5 21623.1 38962.5 21623.1 0 1 3 180 42 Flow
1008 v0l1p3 40412.5 21623.1 40362.5 21623.1 0 1 3 180 42 Flow
1009 v0l1p3 18962.5 22073.1 18962.5 22123.1 0 1 3 90 43 Flow
1010 v0l1p3 19862.5 22073.1 19862.5 22123.1 0 1 3 90 43 Flow
1011 v0l1p3 20362.5 22073.1 20362.5 22123.1 0 1 3 90 43 Flow
1012 v0l1p3 21262.5 22073.1 21262.5 22123.1 0 1 3 90 43 Flow
1013 v0l1p3 21762.5 22073.1 21762.5 22123.1 0 1 3 90 43 Flow
1014 v0l1p3 22662.5 22073.1 22662.5 22123.1 0 1 3 90 43 Flow
1015 v0l1p3 23162.5 22073.1 23162.5 22123.1 0 1 3 90 43 Flow
1016 v0l1p3 24062.5 22073.1 24062.5 22123.1 0 1 3 90 43 Flow
1017 v0l1p3 24562.5 22073.1 24562.5 22123.1 0 1 3 90 43 Flow
1018 v0l1p3 25462.5 22073.1 25462.5 22123.1 0 1 3 90 43 Flow
1019 v0l1p3 25962.5 22073.1 25962.5 22123.1 0 1 3 90 43 Flow
1020 v0l1p3 26862.5 22073.1 26862.5 22123.1 0 1 3 90 43 Flow
1021 v0l1p3 27362.5 22073.1 27362.5 22123.1 0 1 3 90 43 Flow
1022 v0l1p3 28262.5 22073.1 28262.5 22123.1 0 1 3 90 43 Flow
1023 v0l1p3 28762.5 22073.1 28762.5 22123.1 0 1 3 90 43 Flow
1024 v0l1p3 29662.5 22073.1 29662.5 22123.1 0 1 3 90 43 Flow
1025 v0l1p3 30162.5 22073.1 30162.5 22123.1 0 1 3 90 43 Flow
1026 v0l1p3 31062.5 22073.1 31062.5 22123.1 0 1 3 90 43 Flow
1027 v0l1p3 31562.5 22073.1 31562.5 22123.1 0 1 3 90 43 Flow
1028 v0l1p3 32462.5 22073.1 32462.5 22123.1 0 1 3 90 43 Flow
1029 v0l1p3 32962.5 22073.1 32962.5 22123.1 0 1 3 90 43 Flow
1030 v0l1p3 33862.5 22073.1 33862.5 22123.1 0 1 3 90 43 Flow
1031 v0l1p3 34362.5 22073.1 34362.5 22123.1 0 1 3 90 43 Flow
1032 v0l1p3 35262.5 22073.1 35262.5 22123.1 0 1 3 90 43 Flow
1033 v0l1p3 35762.5 22073.1 35762.5 22123.1 0 1 3 90 43 Flow
1034 v0l1p3 36662.5 22073.1 36662.5 22123.1 0 1 3 90 43 Flow
1035 v0l1p3 37162.5 22073.1 37162.5 22123.1 0 1 3 90 43 Flow
1036 v0l1p3 38062.5 22073.1 38062.5 22123.1 0 1 3 90 43 Flow
1037 v0l1p3 38562.5 22073.1 38562.5 22123.1 0 1 3 90 43 Flow
1038 v0l1p3 39462.5 22073.1 39462.5 22123.1 0 1 3 90 43 Flow
1039 v0l1p3 39962.5 22073.1 39962.5 22123.1 0 1 3 90 43 Flow
1040 v0l1p3 40862.5 22073.1 40862.5 22123.1 0 1 3 90 43 Flow
1041 v0l1p2 19112.5 22373.1 19062.5 22373.1 0 1 2 180 44 Flow
1042 v0l1p2 19712.5 22373.1 19662.5 22373.1 0 1 2 180 44 Flow
1043 v0l1p2 20512.5 22373.1 20462.5 22373.1 0 1 2 180 44 Flow
1044 v0l1p2 21112.5 22373.1 21062.5 22373.1 0 1 2 180 44 Flow
1045 v0l1p2 21912.5 22373.1 21862.5 22373.1 0 1 2 180 44 Flow
1046 v0l1p2 22512.5 22373.1 22462.5 22373.1 0 1 2 180 44 Flow
1047 v0l1p2 23312.5 22373.1 23262.5 22373.1 0 1 2 180 44 Flow
1048 v0l1p2 23912.5 22373.1 23862.5 22373.1 0 1 2 180 44 Flow
1049 v0l1p2 24712.5 22373.1 24662.5 22373.1 0 1 2 180 44 Flow
1050 v0l1p2 25312.5 22373.1 25262.5 22373.1 0 1 2 180 44 Flow
1051 v0l1p2 26112.5 22373.1 26062.5 22373.1 0 1 2 180 44 Flow
1052 v0l1p2 26712.5 22373.1 26662.5 22373.1 0 1 2 180 44 Flow
1053 v0l1p2 27512.5 22373.1 27462.5 22373.1 0 1 2 180 44 Flow
1054 v0l1p2 28112.5 22373.1 28062.5 22373.1 0 1 2 180 44 Flow
1055 v0l1p2 28912.5 22373.1 28862.5 22373.1 0 1 2 180 44 Flow
1056 v0l1p2 29512.5 22373.1 29462.5 22373.1 0 1 2 180 44 Flow
1057 v0l1p2 30312.5 22373.1 30262.5 22373.1 0 1 2 180 44 Flow
1058 v0l1p2 30912.5 22373.1 30862.5 22373.1 0 1 2 180 44 Flow
1059 v0l1p2 31712.5 22373.1 31662.5 22373.1 0 1 2 180 44 Flow
1060 v0l1p2 32312.5 22373.1 32262.5 22373.1 0 1 2 180 44 Flow
1061 v0l1p2 33112.5 22373.1 33062.5 22373.1 0 1 2 180 44 Flow
1062 v0l1p2 33712.5 22373.1 33662.5 22373.1 0 1 2 180 44 Flow
1063 v0l1p2 34512.5 22373.1 34462.5 22373.1 0 1 2 180 44 Flow
1064 v0l1p2 35112.5 22373.1 35062.5 22373.1 0 1 2 180 44 Flow
1065 v0l1p2 35912.5 22373.1 35862.5 22373.1 0 1 2 180 44 Flow
1066 v0l1p2 36512.5 22373.1 36462.5 22373.1 0 1 2 180 44 Flow
1067 v0l1p2 37312.5 22373.1 37262.5 22373.1 0 1 2 180 44 Flow
1068 v0l1p2 37912.5 22373.1 37862.5 22373.1 0 1 2 180 44 Flow
1069 v0l1p2 38712.5 22373.1 38662.5 22373.1 0 1 2 180 44 Flow
1070 v0l1p2 39312.5 22373.1 39262.5 22373.1 0 1 2 180 44 Flow
1071 v0l1p2 40112.5 22373.1 40062.5 22373.1 0 1 2 180 44 Flow
1072 v0l1p2 40712.5 22373.1 40662.5 22373.1 0 1 2 180 44 Flow
1073 v0l1p1 18962.5 22573.1 18962.5 22623.1 0 1 1 90 45 Flow
1074 v0l1p1 19862.5 22573.1 19862.5 22623.1 0 1 1 90 45 Flow
1075 v0l1p1 20362.5 22573.1 20362.5 22623.1 0 1 1 90 45 Flow
1076 v0l1p1 21262.5 22573.1 21262.5 22623.1 0 1 1 90 45 Flow
1077 v0l1p1 21762.5 22573.1 21762.5 22623.1 0 1 1 90 45 Flow
1078 v0l1p1 22662.5 22573.1 22662.5 22623.1 0 1 1 90 45 Flow
1079 v0l1p1 23162.5 22573.1 23162.5 22623.1 0 1 1 90 45 Flow
1080 v0l1p1 24062.5 22573.1 24062.5 22623.1 0 1 1 90 45 Flow
1081 v0l1p1 24562.5 22573.1 24562.5 22623.1 0 1 1 90 45 Flow
1082 v0l1p1 25462.5 22573.1 25462.5 22623.1 0 1 1 90 45 Flow
1083 v0l1p1 25962.5 22573.1 25962.5 22623.1 0 1 1 90 45 Flow
1084 v0l1p1 26862.5 22573.1 26862.5 22623.1 0 1 1 90 45 Flow
1085 v0l1p1 27362.5 22573.1 27362.5 22623.1 0 1 1 90 45 Flow
1086 v0l1p1 28262.5 22573.1 28262.5 22623.1 0 1 1 90 45 Flow
1087 v0l1p1 28762.5 22573.1 28762.5 22623.1 0 1 1 90 45 Flow
1088 v0l1p1 29662.5 22573.1 29662.5 22623.1 0 1 1 90 45 Flow
1089 v0l1p1 30162.5 22573.1 30162.5 22623.1 0 1 1 90 45 Flow
1090 v0l1p1 31062.5 22573.1 31062.5 22623.1 0 1 1 90 45 Flow
1091 v0l1p1 31562.5 22573.1 31562.5 22623.1 0 1 1 90 45 Flow
1092 v0l1p1 32462.5 22573.1 32462.5 22623.1 0 1 1 90 45 Flow
1093 v0l1p1 32962.5 22573.1 32962.5 22623.1 0 1 1 90 45 Flow
1094 v0l1p1 33862.5 22573.1 33862.5 22623.1 0 1 1 90 45 Flow
1095 v0l1p1 34362.5 22573.1 34362.5 22623.1 0 1 1 90 45 Flow
1096 v0l1p1 35262.5 22573.1 35262.5 22623.1 0 1 1 90 45 Flow
1097 v0l1p1 35762.5 22573.1 35762.5 22623.1 0 1 1 90 45 Flow
1098 v0l1p1 36662.5 22573.1 36662.5 22623.1 0 1 1 90 45 Flow
1099 v0l1p1 37162.5 22573.1 37162.5 22623.1 0 1 1 90 45 Flow
1100 v0l1p1 38062.5 22573.1 38062.5 22623.1 0 1 1 90 45 Flow
1101 v0l1p1 38562.5 22573.1 38562.5 22623.1 0 1 1 90 45 Flow
1102 v0l1p1 39462.5 22573.1 39462.5 22623.1 0 1 1 90 45 Flow
1103 v0l1p1 39962.5 22573.1 39962.5 22623.1 0 1 1 90 45 Flow
1104 v0l1p1 40862.5 22573.1 40862.5 22623.1 0 1 1 90 45 Flow
